1 1 77 2
1 1 106 1
1 1 219 1
1 1 321 2
1 3 224 1
1 3 258 1
1 4 5 1
1 4 6 1
1 4 160 2
1 4 301 1
1 5 6 1
1 6 215 1
1 6 221 1
1 6 345 1
1 7 8 2
1 7 295 1
1 8 9 1
1 8 34 1
1 8 39 3
1 8 58 1
1 9 10 2
1 9 295 1
1 10 348 2
1 13 14 1
1 13 354 1
1 14 300 1
1 15 16 1
1 16 117 1
1 16 122 1
1 19 20 1
1 19 181 1
1 20 39 1
1 21 22 1
1 21 169 1
1 22 262 1
1 23 24 1
1 23 73 1
1 24 311 1
1 25 26 1
1 25 95 1
1 26 97 1
1 26 191 1
1 26 192 1
1 27 28 1
1 27 29 2
1 27 30 3
1 27 31 1
1 27 175 1
1 27 187 1
1 27 350 1
1 28 67 1
1 28 68 1
1 28 279 1
1 29 49 1
1 29 315 1
1 30 184 3
1 31 68 1
1 32 33 1
1 32 127 1
1 33 358 1
1 34 35 1
1 34 39 1
1 34 119 1
1 34 180 1
1 35 56 1
1 35 69 1
1 35 343 1
1 37 38 3
1 37 39 3
1 38 181 3
1 40 41 1
1 40 170 2
1 41 52 1
1 42 43 1
1 42 199 1
1 43 185 1
1 44 45 1
1 44 46 1
1 44 221 2
1 45 46 1
1 45 161 2
1 45 162 1
1 45 196 1
1 45 261 1
1 47 48 2
1 47 49 2
1 48 162 2
1 48 246 1
1 48 310 1
1 49 174 1
1 49 292 1
1 49 313 1
1 49 314 1
1 52 53 1
1 53 147 1
1 54 55 1
1 54 201 1
1 55 99 1
1 56 57 1
1 57 102 1
1 58 59 1
1 59 76 2
1 59 219 1
1 59 348 2
1 60 61 2
1 60 179 2
1 61 109 2
1 62 63 1
1 62 336 1
1 67 68 1
1 67 213 1
1 67 214 1
1 67 252 1
1 67 320 1
1 68 183 1
1 68 206 1
1 68 213 1
1 69 70 1
1 70 176 1
1 70 277 1
1 71 72 1
1 71 250 1
1 72 301 1
1 73 361 1
1 76 77 2
1 78 79 1
1 78 131 1
1 79 201 1
1 80 81 1
1 81 130 1
1 81 257 1
1 81 351 1
1 86 187 1
1 86 265 1
1 88 89 1
1 88 332 1
1 89 151 1
1 90 91 1
1 90 173 1
1 91 131 1
1 94 95 1
1 94 181 1
1 97 181 1
1 99 100 1
1 99 101 1
1 99 262 1
1 100 101 1
1 100 181 2
1 100 183 2
1 102 105 1
1 105 106 1
1 109 110 2
1 110 295 2
1 114 115 1
1 114 346 1
1 115 271 1
1 117 125 1
1 118 119 1
1 118 135 1
1 120 121 2
1 120 213 1
1 120 281 1
1 121 179 2
1 121 180 2
1 121 214 2
1 123 124 1
1 123 210 1
1 124 332 1
1 125 296 1
1 126 127 1
1 126 130 1
1 132 133 1
1 132 358 1
1 133 344 1
1 134 135 1
1 134 281 1
1 135 206 1
1 135 245 1
1 140 141 1
1 140 296 1
1 147 148 1
1 148 177 1
1 151 152 1
1 152 357 1
1 157 158 1
1 157 298 1
1 158 265 1
1 159 160 1
1 159 299 1
1 160 300 1
1 161 162 1
1 161 200 3
1 163 164 1
1 163 223 1
1 164 338 1
1 165 166 2
1 165 167 2
1 166 232 1
1 166 329 1
1 167 253 2
1 168 169 1
1 168 186 1
1 170 322 2
1 171 172 1
1 171 341 1
1 172 316 1
1 174 175 1
1 176 180 1
1 176 257 1
1 177 247 1
1 180 214 1
1 180 277 1
1 180 343 1
1 181 184 3
1 181 245 1
1 183 205 1
1 185 210 1
1 186 294 1
1 186 365 1
1 187 188 1
1 187 272 1
1 188 350 1
1 191 293 1
1 192 336 1
1 195 196 1
1 195 316 1
1 198 199 1
1 198 330 1
1 200 273 1
1 200 339 2
1 202 203 2
1 202 204 2
1 204 280 2
1 205 206 1
1 206 281 1
1 211 212 1
1 211 303 1
1 212 222 1
1 213 281 1
1 214 349 2
1 215 264 1
1 219 282 1
1 221 328 1
1 222 223 1
1 223 299 1
1 224 225 1
1 225 305 1
1 227 229 1
1 229 263 1
1 230 231 1
1 230 232 1
1 230 302 1
1 231 306 1
1 234 235 1
1 234 236 1
1 234 237 1
1 235 237 1
1 236 248 1
1 237 238 1
1 240 241 1
1 241 359 1
1 242 243 2
1 242 244 2
1 243 253 2
1 246 338 1
1 247 362 1
1 248 249 1
1 249 250 1
1 252 273 1
1 258 259 1
1 259 267 1
1 263 304 1
1 264 331 1
1 267 268 1
1 268 292 1
1 271 272 1
1 272 298 1
1 272 306 1
1 274 275 2
1 274 276 2
1 275 280 2
1 276 314 2
1 278 279 1
1 278 310 1
1 282 283 1
1 283 286 1
1 283 287 1
1 286 340 1
1 287 330 1
1 293 361 1
1 296 297 1
1 297 307 1
1 302 308 1
1 303 335 1
1 304 305 1
1 307 308 1
1 311 312 1
1 314 315 1
1 319 320 1
1 319 351 1
1 320 339 2
1 320 349 2
1 321 322 2
1 328 345 1
1 329 342 1
1 332 340 1
1 334 335 1
1 334 366 1
1 341 368 1
1 342 354 1
1 359 365 1
1 367 368 1
2 2 3 1
2 2 216 1
2 3 224 1
2 3 258 1
2 3 260 1
2 3 338 1
2 10 36 1
2 10 251 1
2 17 18 1
2 17 318 1
2 18 309 1
2 36 337 1
2 40 363 1
2 57 103 1
2 57 333 1
2 62 64 1
2 62 226 1
2 64 284 1
2 82 83 1
2 82 84 1
2 83 193 1
2 84 103 1
2 85 86 1
2 85 87 1
2 86 189 1
2 87 260 1
2 92 93 1
2 92 116 1
2 93 364 1
2 96 97 1
2 96 98 1
2 97 111 1
2 98 208 1
2 100 182 1
2 103 327 1
2 103 355 1
2 111 112 1
2 111 113 1
2 112 149 1
2 113 150 1
2 116 233 1
2 128 129 1
2 128 153 1
2 129 255 1
2 138 139 1
2 138 209 1
2 139 226 1
2 149 220 1
2 150 217 1
2 153 317 1
2 182 266 1
2 189 190 1
2 190 207 1
2 193 194 1
2 194 318 1
2 194 356 1
2 196 254 1
2 196 261 1
2 207 208 1
2 207 209 1
2 215 216 1
2 215 264 1
2 217 218 1
2 218 219 1
2 220 251 1
2 224 225 1
2 225 305 1
2 227 228 1
2 227 229 1
2 228 233 1
2 229 263 1
2 254 255 1
2 258 259 1
2 259 266 1
2 261 338 1
2 263 304 1
2 264 331 1
2 284 285 1
2 285 288 1
2 288 363 1
2 304 305 1
2 317 327 1
2 333 337 1
3 0 1 1
3 0 352 1
3 1 347 1
3 11 12 1
3 11 156 1
3 12 65 1
3 12 290 1
3 12 324 1
3 34 36 1
3 36 289 1
3 36 360 1
3 50 51 1
3 50 325 1
3 51 146 1
3 65 66 1
3 66 106 1
3 74 75 1
3 74 326 1
3 75 156 1
3 102 104 1
3 102 324 1
3 104 239 1
3 106 107 1
3 106 108 1
3 106 347 1
3 107 142 1
3 108 323 1
3 136 137 1
3 136 239 1
3 137 256 1
3 142 143 1
3 143 325 1
3 144 145 1
3 144 256 1
3 145 154 1
3 146 197 1
3 154 155 1
3 155 178 1
3 219 326 1
3 219 352 1
3 219 353 1
3 269 270 1
3 269 291 1
3 289 290 1
3 290 324 1
3 291 323 1
1 69 3 3
1 95 297 0
1 8 344 2
1 292 23 0
1 86 135 0
1 97 273 1
1 213 295 1
1 205 283 0
1 336 314 3
1 26 179 3
1 110 225 3
1 346 30 0
1 47 250 1
1 177 95 3
1 49 86 1
1 37 62 0
1 127 55 3
1 132 354 2
1 304 38 0
1 69 25 1
1 100 79 3
1 192 33 2
1 316 262 3
1 354 67 3
1 313 277 2
1 119 244 2
1 202 24 3
1 30 122 1
1 170 29 3
1 55 70 0
1 222 163 0
1 332 329 3
1 80 94 3
1 359 79 2
1 140 321 1
1 234 34 2
1 294 200 2
1 232 304 0
1 62 172 2
1 6 362 1
1 16 210 3
1 277 33 1
1 232 45 2
1 180 168 1
1 221 25 1
1 272 159 0
1 132 73 2
1 25 277 2
1 358 173 1
1 312 152 2
1 131 287 0
1 248 316 2
1 25 329 3
1 176 46 3
1 26 242 1
1 152 166 0
1 315 359 2
1 361 52 3
1 8 345 0
1 203 365 3
1 20 167 1
1 59 297 0
1 135 329 3
1 328 345 3
1 224 335 3
1 159 125 2
1 122 286 0
1 368 157 0
1 273 302 2
1 168 199 1
1 280 314 1
1 264 341 1
1 245 227 0
1 274 247 1
1 185 358 2
1 192 70 3
1 224 106 2
1 165 302 0
1 223 320 2
1 264 366 0
1 307 97 2
1 271 26 0
1 198 135 0
1 67 297 0
1 165 183 1
1 249 175 0
1 213 141 3
1 97 365 0
1 109 141 0
1 49 236 3
1 205 368 1
1 8 298 2
1 245 49 2
1 215 245 0
1 264 204 3
1 171 362 3
1 88 164 2
1 261 338 1
1 19 33 3
1 171 95 3
1 367 244 2
1 222 132 3
1 28 298 0
1 105 230 1
1 201 192 3
1 203 9 0
1 170 316 2
1 203 329 0
1 293 268 1
1 52 89 3
1 14 286 0
1 230 37 0
1 296 292 0
1 184 335 0
1 366 183 2
1 210 27 2
1 199 181 3
1 148 157 0
1 115 214 1
1 320 334 2
1 148 125 2
1 258 250 0
1 314 357 1
1 71 223 2
1 215 241 2
1 258 70 3
1 368 175 0
1 4 171 3
1 349 293 2
1 126 24 3
1 174 23 2
1 348 49 1
1 244 34 3
1 242 195 0
1 45 245 1
1 320 168 0
1 246 336 0
1 117 170 0
1 368 41 0
1 130 223 3
1 261 201 3
1 184 72 0
1 63 238 0
1 21 310 0
1 340 342 1
1 342 135 3
1 25 316 2
1 265 167 1
1 148 275 3
1 244 76 2
1 234 148 1
1 272 15 3
1 179 167 1
1 345 171 0
1 186 210 0
1 273 336 0
1 46 58 0
1 28 30 1
1 46 95 0
1 336 321 2
1 196 39 2
1 162 319 2
1 314 241 1
1 132 183 2
1 28 227 0
1 162 186 2
1 313 48 1
1 159 203 2
1 262 166 1
1 22 200 2
1 73 344 2
1 322 342 2
1 201 283 2
1 322 368 1
1 315 32 2
1 60 304 3
1 130 307 3
1 345 264 2
1 223 127 3
1 281 308 0
1 311 63 1
1 170 365 2
1 100 294 1
1 203 158 2
1 115 157 1
1 27 151 3
1 205 359 1
1 250 354 0
1 281 252 0
1 91 127 1
1 304 188 0
1 69 200 2
1 35 205 1
1 125 70 1
1 9 250 3
1 170 124 3
1 20 215 3
1 58 240 2
1 52 203 1
1 258 48 3
1 280 237 1
1 247 133 1
1 123 27 3
1 320 162 0
1 16 229 0
1 15 1 0
1 195 110 0
1 332 161 3
1 41 70 0
1 73 101 1
1 330 70 0
1 35 248 1
1 152 346 3
1 181 180 1
1 157 90 2
1 223 204 0
1 118 27 0
1 147 298 1
1 276 10 3
1 80 311 0
1 205 241 3
1 162 295 2
1 358 123 0
1 274 174 0
1 236 70 2
1 105 271 1
1 45 7 3
1 240 33 3
1 263 313 3
1 359 253 3
1 315 232 2
1 253 13 0
1 46 14 1
1 20 9 3
1 9 296 1
1 115 354 1
1 6 9 2
1 204 170 0
1 235 100 0
1 247 67 2
1 102 231 1
1 6 49 1
1 336 229 3
1 23 126 2
1 275 354 3
1 115 130 0
1 4 201 0
1 296 71 2
1 354 238 1
1 3 210 2
1 58 293 3
1 5 179 0
1 201 272 2
1 300 147 0
1 230 35 2
1 19 53 2
1 238 89 0
1 20 159 0
1 166 185 3
1 60 122 0
1 63 342 0
1 106 95 0
1 127 165 0
1 234 230 3
1 268 241 0
1 223 9 0
1 181 362 1
1 365 58 1
1 268 67 0
1 174 242 2
1 343 335 1
1 158 38 0
1 77 97 3
1 79 125 2
1 58 302 3
1 101 110 3
1 127 328 3
1 287 232 0
1 100 299 1
1 341 223 2
1 58 275 0
1 201 259 0
1 334 31 1
1 211 166 1
1 167 78 0
1 196 119 0
1 210 314 2
1 141 242 0
1 125 88 0
1 56 303 1
1 299 206 1
1 339 176 0
1 59 58 1
1 58 126 3
1 244 42 2
1 78 40 0
1 28 219 0
1 313 15 0
1 198 300 1
1 365 214 0
1 196 238 2
1 308 223 3
1 68 60 0
1 368 235 1
1 41 315 3
1 303 63 2
1 169 89 3
1 295 38 0
1 257 14 1
1 134 335 0
1 42 106 0
1 273 20 2
1 368 214 0
1 25 349 2
1 322 339 3
1 170 165 3
1 341 127 1
1 278 10 1
1 191 247 2
1 246 200 2
1 272 171 1
1 225 204 0
1 213 202 1
1 243 313 3
1 206 231 1
1 264 148 3
1 60 124 3
1 124 70 2
1 7 45 2
1 312 160 0
1 114 332 1
1 322 237 3
1 213 31 3
1 204 158 3
1 367 350 3
1 52 212 3
1 306 45 0
1 358 201 3
1 55 175 1
1 41 185 0
1 28 164 3
1 1 56 3
1 275 79 0
1 236 161 0
1 296 244 1
1 177 1 1
1 59 39 1
1 171 125 1
1 62 42 0
1 345 52 0
1 252 174 3
1 316 275 1
1 38 67 3
1 3 165 1
1 162 19 0
1 349 249 3
1 253 38 2
1 273 287 1
1 199 43 1
1 34 346 0
1 184 5 1
1 157 264 0
1 320 59 3
1 343 201 0
1 199 52 3
1 123 225 0
1 277 59 3
1 63 191 3
1 186 38 3
1 258 293 0
1 8 25 1
1 19 273 2
1 23 179 3
1 43 181 1
1 35 222 2
1 71 252 2
1 1 341 3
1 342 70 3
1 181 120 3
1 133 343 3
1 72 125 1
1 109 303 3
1 169 106 2
1 263 348 3
1 27 335 0
1 23 127 2
1 95 315 0
1 238 54 3
1 30 33 3
1 30 213 3
1 15 357 1
1 243 192 3
1 3 230 1
1 4 205 3
1 252 286 0
1 94 213 1
1 40 202 0
1 166 240 1
1 341 293 2
1 151 69 0
1 308 173 1
1 298 151 0
1 329 115 2
1 238 180 3
1 23 9 2
1 357 52 2
1 200 304 0
1 89 13 3
1 117 238 0
1 227 210 0
1 362 170 2
1 13 80 3
1 210 247 2
1 302 306 0
1 306 38 1
1 295 243 2
1 161 67 0
1 261 244 1
1 336 55 3
1 152 22 2
1 32 79 2
1 110 201 2
1 122 61 1
1 21 23 3
1 262 334 0
1 321 79 2
1 52 335 3
1 62 133 0
1 241 306 0
1 198 316 3
1 334 91 2
1 298 135 3
1 3 245 2
1 67 240 2
1 184 120 2
1 4 60 3
1 101 334 0
1 62 322 0
1 77 253 2
1 24 215 2
1 229 316 1
1 151 320 2
1 23 330 0
1 275 106 3
1 23 357 1
1 172 244 2
1 231 56 2
1 170 293 1
1 35 368 1
1 27 258 1
1 59 177 1
1 89 227 0
1 71 214 2
1 200 176 2
1 183 249 1
1 49 196 1
1 231 9 3
1 171 122 0
1 81 52 2
1 43 330 3
1 171 304 1
1 120 250 2
1 259 175 1
1 230 20 1
1 100 224 0
1 322 249 2
1 275 332 2
1 16 366 1
1 68 171 1
1 332 320 3
1 151 53 1
1 338 102 2
1 295 339 0
1 22 275 1
1 117 192 2
1 314 44 2
1 28 40 3
1 59 14 0
1 122 30 0
1 234 162 2
1 262 106 1
1 230 99 1
1 293 71 3
1 159 183 1
1 186 348 3
1 294 8 3
1 126 350 0
1 191 158 2
1 23 24 0
1 268 314 2
1 10 278 0
1 346 132 3
1 3 336 0
1 240 88 1
1 175 19 1
1 307 344 2
1 161 294 2
1 41 316 2
1 16 1 1
1 124 38 3
1 250 16 3
1 195 238 0
1 184 49 1
1 267 243 3
1 222 274 2
1 174 223 1
1 186 336 2
1 187 236 2
1 315 265 1
1 44 61 3
1 3 320 3
1 357 331 0
1 263 177 2
1 296 357 3
1 272 81 3
1 86 366 1
1 159 31 2
1 80 303 3
1 175 235 3
1 117 306 3
1 282 210 0
1 46 119 1
1 230 238 1
1 223 95 1
1 22 58 0
1 202 334 0
1 86 243 1
1 95 262 3
1 307 252 0
1 213 357 2
1 276 58 1
1 176 70 2
1 253 73 0
1 172 183 2
1 171 133 1
1 293 169 0
1 344 274 2
1 62 123 1
1 215 283 1
1 159 57 1
1 238 343 0
1 68 306 3
1 97 292 1
1 37 27 0
1 95 44 3
1 109 89 3
1 359 119 1
1 59 201 3
1 332 119 2
1 332 56 0
1 336 14 2
1 232 45 1
1 203 160 2
1 329 57 2
1 148 29 3
1 115 16 1
1 241 247 1
1 102 345 3
1 160 245 1
1 348 236 0
1 221 246 3
1 240 8 2
1 133 117 1
1 359 126 0
1 192 312 1
1 39 206 2
1 335 283 2
1 227 322 3
1 81 177 3
1 240 123 0
1 316 76 2
1 350 34 2
1 35 152 2
1 175 148 3
1 358 293 0
1 9 127 0
1 71 238 1
1 205 49 3
1 160 69 1
1 215 86 0
1 80 221 2
1 331 258 1
1 52 263 2
1 29 6 2
1 57 222 0
1 214 130 1
1 7 300 0
1 242 354 2
1 59 26 0
1 203 252 0
1 5 160 0
1 126 275 3
1 230 9 1
1 53 330 0
1 53 221 0
1 19 296 0
1 95 125 1
1 62 242 2
1 179 152 1
1 282 166 0
1 362 236 2
1 214 119 1
1 338 115 1
1 328 215 0
1 272 294 2
1 157 55 1
1 45 79 2
1 174 57 2
1 244 312 0
1 125 159 0
1 330 234 0
1 102 358 0
1 148 202 1
1 41 88 0
1 37 40 2
1 354 276 2
1 152 311 1
1 199 235 3
1 167 32 0
1 79 43 2
1 348 80 2
1 335 174 1
1 230 245 0
1 158 343 0
1 168 232 0
1 303 229 3
1 259 102 1
1 28 262 1
1 348 166 3
1 304 34 1
1 286 354 2
1 54 184 2
1 22 245 1
1 86 299 0
1 234 171 3
1 163 52 1
1 366 6 3
1 114 21 2
1 351 298 3
1 344 273 2
1 212 204 0
1 14 77 0
1 232 26 3
1 343 68 3
1 123 13 2
1 161 287 0
1 1 101 3
1 319 166 2
1 259 45 1
1 160 341 2
1 245 13 1
1 265 283 2
1 99 14 1
1 201 252 1
1 68 7 3
1 241 110 2
1 320 175 3
1 132 148 1
1 230 313 2
1 57 253 3
1 27 124 0
1 121 40 1
1 19 71 3
1 187 44 3
1 234 176 0
1 61 303 1
1 306 297 3
1 110 101 1
1 6 123 1
1 316 158 1
1 29 240 2
1 200 38 2
1 277 29 2
1 305 354 0
1 78 25 0
1 303 215 0
1 109 232 3
1 110 280 1
1 343 86 1
1 328 292 0
1 300 132 3
1 4 368 0
1 91 180 0
1 252 147 3
1 117 28 2
1 165 184 1
1 102 338 1
1 40 237 2
1 55 10 0
1 88 201 2
1 350 328 0
1 237 122 3
1 232 221 1
1 243 81 3
1 292 33 3
1 127 348 2
1 73 298 2
1 30 330 1
1 32 48 0
1 308 30 0
1 264 340 3
1 338 179 1
1 162 59 1
1 311 44 3
1 276 180 2
1 212 232 2
1 205 215 1
1 253 234 1
1 319 249 3
1 117 99 2
1 123 196 2
1 247 62 3
1 192 296 1
1 135 123 1
1 130 341 1
1 148 300 2
1 225 223 1
1 117 174 0
1 76 366 3
1 160 120 1
1 229 206 0
1 271 310 2
1 60 171 3
1 33 358 3
1 227 230 0
1 237 47 1
1 14 310 2
1 147 245 3
1 181 258 1
1 162 306 1
1 201 79 2
1 237 88 0
1 38 203 3
1 106 229 2
1 332 210 0
1 106 267 0
1 187 271 1
1 192 300 2
1 302 278 0
1 26 81 2
1 135 349 0
1 241 240 0
1 147 342 3
1 259 99 1
1 80 76 3
1 179 249 2
1 346 171 3
1 272 349 1
1 250 271 1
1 161 114 0
1 140 275 1
1 132 362 3
1 271 176 1
1 351 235 1
1 292 147 2
1 330 221 3
1 176 341 3
1 330 271 0
1 23 248 0
1 61 300 2
1 192 343 0
1 55 160 2
1 171 34 3
1 124 95 0
1 53 231 1
1 198 53 0
1 274 57 0
1 171 253 0
1 166 121 1
1 180 210 3
1 215 267 1
1 366 236 2
1 240 336 1
1 215 275 1
1 175 306 3
1 203 181 0
1 9 321 3
1 308 180 3
1 210 235 1
1 278 23 0
1 114 335 2
1 43 101 0
1 235 4 3
1 227 300 3
1 43 44 1
1 76 63 3
1 332 253 3
1 299 9 1
1 35 119 1
1 224 202 1
1 259 246 0
1 313 127 1
1 59 135 0
1 302 159 1
1 328 166 2
1 232 91 2
1 295 296 0
1 124 135 3
1 304 248 2
1 237 203 0
1 115 43 3
1 40 86 3
1 105 191 1
1 44 267 2
1 328 273 3
1 211 122 2
1 159 79 1
1 304 100 2
1 9 49 3
1 242 339 3
1 224 188 3
1 109 261 2
1 362 305 2
1 300 238 1
1 173 229 2
1 21 357 2
1 344 59 0
1 287 230 0
1 293 283 0
1 315 313 3
1 287 361 1
1 211 4 3
1 348 210 1
1 57 44 2
1 58 275 2
1 296 34 0
1 124 105 1
1 94 365 3
1 206 47 2
1 121 206 3
1 42 346 2
1 292 312 1
1 298 161 2
1 164 315 3
1 345 69 0
1 121 32 0
1 294 278 1
1 320 21 3
1 341 205 0
1 242 362 3
1 235 298 3
1 283 314 0
1 157 184 0
1 73 224 2
1 158 110 3
1 29 278 1
1 91 212 3
1 342 303 3
1 133 163 1
1 35 241 3
1 158 8 0
1 227 253 1
1 27 158 3
1 3 273 2
1 298 276 0
1 54 312 0
1 223 350 0
1 53 172 0
1 242 332 0
1 63 179 3
1 147 227 0
1 80 301 1
1 272 331 3
1 19 97 1
1 342 125 1
1 60 91 0
1 29 345 0
1 264 253 1
1 229 55 2
1 94 110 1
1 278 314 0
1 57 362 1
1 202 277 3
1 186 26 2
1 9 158 2
1 246 204 1
1 80 53 1
1 206 196 0
1 6 282 3
1 267 328 0
1 72 305 0
1 308 244 3
1 227 249 0
1 213 231 2
1 160 298 3
1 61 7 0
1 159 331 3
1 241 81 2
1 296 203 3
1 205 313 2
1 231 302 0
1 6 244 3
1 31 273 0
1 308 19 2
1 24 89 2
1 43 44 2
1 39 301 2
1 221 278 0
1 331 78 3
1 140 345 0
1 264 180 1
1 25 127 3
1 80 265 1
1 63 159 1
1 151 132 3
1 1 354 2
1 171 159 2
1 242 350 1
1 335 244 0
1 304 221 2
1 249 300 3
1 330 61 0
1 313 151 2
1 119 274 3
1 58 26 2
1 1 300 2
1 22 62 1
1 59 294 1
1 258 33 1
1 223 102 0
1 244 200 0
1 229 118 0
1 257 58 1
1 45 91 0
1 115 23 3
1 88 292 3
1 322 169 2
1 265 328 3
1 367 351 0
1 303 304 1
1 198 148 0
1 23 161 3
1 46 200 0
1 46 332 1
1 276 105 2
1 224 305 2
1 24 10 3
1 33 268 2
1 342 134 3
1 271 346 1
1 196 61 2
1 305 330 0
1 100 224 3
1 294 299 2
1 262 343 2
1 109 274 2
1 181 122 1
1 336 279 0
1 312 240 1
1 35 127 3
1 234 49 2
1 5 47 2
1 26 159 0
1 3 102 2
1 180 33 0
1 293 296 0
1 68 97 0
1 198 351 2
1 319 348 0
1 163 115 2
1 245 38 0
1 100 319 1
1 101 43 1
1 16 130 2
1 187 258 3
1 181 215 0
1 222 1 0
1 366 308 3
1 119 241 1
1 283 201 0
1 354 187 1
1 219 299 3
1 272 332 0
1 313 316 2
1 43 264 1
1 212 367 1
1 246 343 0
1 23 148 0
1 102 304 1
1 59 192 2
1 132 158 0
1 303 105 1
1 79 28 0
1 134 46 1
1 335 21 0
1 308 173 1
1 81 311 3
1 125 57 0
1 167 42 2
1 183 25 2
1 237 152 0
1 55 161 0
1 91 20 1
1 58 54 2
1 191 199 0
1 346 249 2
1 268 86 3
1 109 73 1
1 130 133 2
1 280 126 2
1 49 79 2
2 254 2 2
2 100 338 3
2 217 10 3
2 208 62 2
2 111 225 1
2 305 103 2
2 263 40 1
2 2 259 2
2 103 3 3
2 85 331 3
2 233 57 0
2 217 92 0
2 182 363 2
2 64 149 0
2 10 196 3
2 261 149 1
2 228 62 1
2 92 217 3
2 139 227 2
2 217 258 1
2 305 225 0
2 64 338 0
2 153 150 0
2 196 317 2
2 87 227 2
2 129 93 2
2 338 219 1
2 304 331 1
2 356 216 3
2 196 62 3
2 113 149 2
2 149 220 0
2 196 224 3
2 36 285 0
2 92 150 3
2 3 355 3
2 333 266 0
2 260 215 1
2 193 113 0
2 17 309 3
2 86 18 0
2 113 331 1
2 363 220 2
2 190 82 2
2 261 36 0
2 337 62 3
2 83 226 0
2 92 331 3
2 82 209 2
2 355 218 1
2 337 261 3
2 260 150 1
2 338 112 2
2 218 264 1
2 86 17 2
2 327 36 1
2 309 85 0
2 264 57 3
2 116 363 1
2 84 364 3
2 103 261 1
2 363 284 3
2 337 364 3
2 260 2 2
2 98 111 3
2 225 207 0
2 327 36 3
2 255 219 2
2 103 216 3
2 113 208 2
2 220 229 0
2 338 233 1
2 355 264 0
2 112 82 0
2 255 150 0
2 355 86 2
2 112 40 0
2 251 288 1
2 87 220 1
2 129 254 0
2 57 327 2
2 338 111 1
2 85 264 1
2 356 260 0
2 112 138 2
2 217 285 2
2 218 87 1
2 83 309 1
2 96 190 3
2 226 83 1
2 97 304 2
2 266 356 2
2 138 264 3
2 193 266 1
2 264 261 1
2 229 18 0
2 97 331 3
2 64 216 1
2 309 2 0
2 100 218 3
2 62 82 2
2 219 338 2
2 2 233 1
2 260 266 1
2 355 10 2
2 86 182 3
2 364 259 2
2 116 113 2
2 331 57 2
2 266 150 1
2 87 138 3
2 92 333 3
2 225 129 1
2 149 254 1
2 149 331 0
2 338 305 2
2 266 87 1
2 285 224 2
2 84 219 0
2 331 227 3
2 224 86 0
2 363 260 2
2 153 251 1
2 83 138 3
2 331 266 1
2 112 263 3
2 129 227 2
2 363 189 3
2 266 113 1
2 84 189 0
2 255 261 0
2 251 129 1
2 103 84 0
2 190 83 0
2 112 228 0
2 284 85 1
2 219 196 0
2 364 207 2
2 331 83 2
2 225 97 1
2 228 103 3
2 57 260 2
2 304 139 1
2 284 216 2
2 83 226 2
2 57 36 2
2 264 227 1
2 82 138 2
2 128 229 1
2 309 128 2
2 305 93 2
2 207 62 1
2 254 103 3
2 36 111 3
2 138 255 0
2 305 208 2
2 317 93 1
2 309 331 3
2 217 84 3
2 87 227 2
2 263 285 2
2 193 190 0
2 225 17 0
2 309 364 3
2 208 92 0
2 304 128 3
2 207 86 0
2 128 96 0
2 3 225 2
2 193 284 3
2 2 116 3
2 182 216 1
2 138 285 2
2 18 112 1
2 129 233 0
2 129 224 1
2 209 337 0
2 182 261 1
2 254 64 2
2 36 363 0
2 208 83 3
2 364 327 1
2 215 194 2
2 113 260 1
2 64 228 2
2 113 62 0
2 2 84 0
2 337 215 3
2 260 255 0
2 87 309 2
2 251 318 0
2 356 215 3
2 284 216 2
2 189 87 3
2 338 209 3
2 355 139 3
2 40 113 1
2 215 259 0
2 96 364 2
2 220 208 2
2 100 264 1
2 116 208 0
2 218 363 0
2 228 193 1
2 363 153 1
2 92 226 1
2 57 98 0
2 229 103 2
2 86 150 2
2 92 209 3
2 96 97 1
2 196 285 3
2 284 355 2
2 215 138 1
2 264 305 2
2 288 363 0
2 97 40 1
2 82 309 2
2 260 333 1
2 217 338 2
2 62 83 3
2 255 128 0
2 92 10 1
2 92 225 0
2 116 264 0
2 224 266 2
2 224 103 3
2 355 10 0
2 87 208 3
2 182 338 0
2 129 62 0
2 196 233 2
2 40 3 0
2 227 116 0
2 96 153 0
2 207 150 0
2 85 190 2
2 139 251 1
2 103 62 3
2 304 209 0
2 224 10 3
2 149 266 3
2 226 356 0
2 209 317 1
2 260 87 3
2 84 112 0
2 10 217 2
2 182 215 0
2 93 364 1
2 196 220 1
2 218 318 2
2 229 116 0
2 364 116 3
2 225 318 0
2 228 309 1
2 338 93 3
2 224 96 3
2 100 129 2
2 220 218 3
2 304 189 1
2 189 263 2
2 85 225 0
2 217 83 3
2 207 331 2
2 82 64 0
2 263 153 3
2 327 193 2
2 62 224 1
2 87 227 2
2 92 82 3
2 318 233 2
2 86 224 2
2 251 338 3
2 338 103 1
2 40 225 2
2 364 355 2
2 96 255 3
2 338 333 2
2 86 304 3
2 10 261 0
2 82 284 2
2 327 356 1
2 138 93 2
2 98 227 3
2 309 228 3
2 97 338 3
2 251 196 2
2 215 288 1
2 93 3 1
2 233 93 0
2 96 193 0
2 62 189 2
2 97 138 3
2 139 229 3
2 284 258 1
2 355 87 3
2 258 264 0
2 17 190 1
2 97 260 1
2 288 182 1
2 224 309 2
2 103 263 3
2 93 111 0
2 139 103 2
2 87 255 0
2 139 225 0
2 62 263 3
2 229 228 3
2 10 111 3
2 113 128 1
2 149 87 3
2 93 309 0
2 138 255 1
2 255 224 2
2 112 129 0
2 226 215 0
2 228 264 2
2 149 92 2
2 40 285 1
2 217 189 1
2 309 138 0
2 139 129 3
2 87 266 1
2 219 128 2
2 228 84 1
2 98 304 0
2 36 284 2
2 338 40 0
2 309 196 3
2 284 3 2
2 327 92 3
2 100 3 2
2 111 259 0
2 220 327 1
2 317 194 3
2 255 85 3
2 10 96 2
2 285 226 1
2 363 84 0
2 84 57 3
2 139 333 0
2 285 86 1
2 92 111 2
2 194 98 1
2 228 218 3
2 338 128 3
2 224 284 1
2 305 139 1
2 98 138 2
2 111 219 1
2 220 337 3
2 96 259 2
2 40 338 3
2 219 64 0
2 233 224 3
2 356 82 3
2 18 138 3
2 251 93 1
2 190 263 2
2 266 255 2
2 263 304 1
2 10 217 3
2 318 363 0
2 62 216 0
2 36 209 0
2 215 305 3
2 259 258 3
2 190 116 3
2 229 116 0
2 138 209 3
2 318 112 3
2 92 113 0
2 103 93 1
2 331 153 2
2 225 153 0
2 93 182 3
2 207 116 0
2 304 189 3
2 83 304 2
2 215 64 2
2 226 224 2
2 264 284 3
2 259 215 2
2 182 82 0
2 255 284 2
2 98 229 0
2 98 309 3
2 3 40 2
2 190 128 0
2 93 150 1
2 18 93 2
2 337 285 0
2 285 327 2
2 331 255 0
2 229 62 2
2 225 215 3
2 98 363 0
2 337 217 0
2 355 149 1
2 215 261 1
2 103 113 2
2 86 87 1
2 84 18 1
2 139 193 1
2 229 103 2
2 116 226 0
2 317 260 1
2 225 153 3
2 207 10 0
2 139 92 1
2 190 84 0
2 264 100 1
2 266 305 2
2 219 96 1
2 40 153 3
2 93 284 3
2 36 96 0
2 139 288 3
2 207 260 0
2 3 190 0
2 93 218 1
2 260 318 2
2 96 364 0
2 149 255 1
2 82 87 1
2 219 10 3
2 10 96 1
2 251 225 3
2 139 84 2
2 260 356 2
2 254 216 2
2 309 40 1
2 209 219 2
2 261 116 1
2 356 100 2
2 96 228 0
2 193 190 2
2 260 229 0
2 224 62 2
2 327 100 1
2 355 228 0
2 139 194 1
2 217 219 0
2 128 337 3
2 363 153 2
2 356 220 2
2 182 36 0
2 100 207 2
2 2 254 0
2 40 128 3
2 309 149 3
2 98 182 3
2 100 327 0
2 92 233 0
2 260 255 2
2 182 84 2
2 82 194 3
2 251 87 1
2 111 305 3
2 138 84 3
2 355 64 3
2 337 363 1
2 153 2 2
2 93 57 0
2 318 100 3
2 227 87 1
2 331 153 1
2 138 254 0
2 190 100 1
2 18 17 0
2 260 207 1
2 10 150 1
2 97 149 0
2 100 363 3
2 217 331 1
2 87 92 3
2 3 96 1
2 225 261 2
2 258 220 3
2 40 189 0
2 139 337 3
2 259 36 0
2 218 87 0
2 209 82 3
2 304 18 2
2 129 182 3
2 364 305 3
2 86 363 3
2 62 103 3
2 218 208 1
2 218 216 2
2 93 138 0
2 112 82 2
2 116 129 0
2 251 113 0
2 305 18 3
2 36 219 0
2 112 331 0
2 84 220 1
2 217 304 2
2 149 216 0
2 224 57 3
2 218 113 0
2 98 309 0
2 36 331 2
2 194 337 2
2 318 139 3
2 261 193 3
2 93 17 0
2 260 288 3
2 116 62 1
2 254 333 0
2 219 327 2
2 288 40 3
2 196 98 2
2 138 338 2
2 138 57 1
2 318 226 3
2 224 363 3
2 337 96 1
2 288 229 3
2 138 226 2
2 57 93 1
2 85 189 1
2 259 97 3
2 220 87 0
2 97 229 0
2 98 258 0
2 18 266 2
2 85 229 3
2 196 364 1
2 2 112 1
2 111 40 3
2 189 356 3
2 193 207 1
2 255 355 3
2 103 356 0
2 97 363 2
2 259 255 0
2 83 216 1
2 149 64 2
2 112 139 0
2 219 36 3
2 87 263 0
2 208 337 3
2 251 190 2
2 251 259 0
2 82 288 3
2 338 83 2
2 93 304 3
2 96 10 3
2 285 100 2
2 356 225 2
2 218 149 3
2 149 220 1
2 285 18 1
2 103 62 3
2 259 129 1
2 10 96 3
2 260 254 3
2 309 139 2
2 86 224 2
2 17 111 3
2 40 226 0
2 225 364 3
2 18 182 0
2 196 333 3
2 227 153 2
2 17 138 1
2 40 227 1
2 288 129 3
2 82 356 3
2 17 254 2
2 64 139 1
2 138 229 2
2 92 258 2
2 333 327 3
2 225 97 2
2 216 227 0
2 229 10 3
2 40 258 3
2 194 87 3
2 266 309 1
2 207 338 1
2 62 305 1
2 288 220 2
2 97 364 3
2 149 259 1
2 285 84 0
2 216 305 3
2 149 190 1
2 92 226 2
2 356 284 1
2 3 86 0
2 317 93 3
2 153 284 0
2 226 62 3
2 261 92 0
2 83 113 1
2 3 100 2
2 193 233 3
2 333 263 0
2 40 100 0
2 194 82 3
2 139 228 2
2 338 96 0
2 139 260 1
2 331 227 1
2 129 10 2
2 305 153 1
2 333 128 1
2 150 83 0
2 112 207 3
2 64 57 1
2 190 333 2
2 227 86 3
2 97 111 1
2 264 57 1
2 229 149 3
2 219 327 0
2 57 98 0
2 228 288 1
2 85 258 2
2 219 285 0
2 304 189 3
2 190 17 1
2 219 317 3
2 288 224 2
2 86 10 0
2 182 333 2
2 263 215 2
2 255 363 0
2 227 93 1
2 96 196 3
2 338 228 0
2 182 288 1
2 36 82 0
2 64 103 2
2 209 309 0
2 215 337 0
2 227 337 1
2 189 193 0
2 260 219 0
2 224 207 3
2 97 219 3
2 318 3 2
2 193 93 0
2 193 190 1
2 219 285 0
2 254 190 3
2 220 264 1
2 182 62 2
2 356 225 3
2 225 189 1
2 284 103 1
2 284 227 2
2 219 40 1
2 36 355 1
2 216 215 1
2 266 225 1
2 266 338 2
2 97 209 0
2 304 36 3
2 36 333 3
2 233 217 3
2 208 2 3
2 129 251 0
2 364 111 0
2 218 62 0
2 259 318 2
2 92 318 1
2 113 284 0
2 260 224 1
2 208 263 2
2 215 209 0
2 182 92 0
2 96 304 3
2 92 98 1
2 327 86 3
2 226 255 2
2 18 216 3
2 85 116 2
2 85 36 3
2 64 92 3
2 18 261 2
2 111 216 1
2 93 356 3
2 304 215 3
2 36 254 2
2 116 219 2
2 150 217 0
2 251 305 2
2 263 233 3
2 318 224 1
2 220 227 1
2 83 111 2
2 193 208 2
2 111 153 2
2 285 228 2
2 261 255 0
2 327 259 3
2 149 218 0
2 224 259 1
2 36 218 3
2 215 304 2
2 251 87 0
2 288 138 1
2 3 258 1
2 266 285 2
2 93 64 1
2 305 86 0
2 217 193 2
2 209 100 3
2 216 219 3
2 111 327 2
2 226 355 0
2 153 255 1
2 227 182 0
2 40 83 0
2 103 216 3
2 227 97 2
2 261 263 3
2 96 327 1
2 18 216 1
2 113 264 3
2 93 219 0
2 255 111 0
2 266 97 1
2 364 284 1
2 261 149 1
2 139 111 2
2 317 264 3
2 364 2 2
2 255 100 0
2 228 10 1
2 364 318 1
2 288 10 0
2 218 17 3
2 225 103 2
2 153 337 2
2 64 284 0
2 84 264 2
2 317 111 2
2 96 111 0
2 227 218 2
2 40 18 2
2 227 10 0
2 86 113 2
2 207 86 0
2 225 40 0
2 62 96 0
2 208 153 0
2 128 116 0
2 288 62 3
2 304 225 3
2 113 266 3
2 251 83 0
2 216 190 3
2 40 194 3
2 182 128 3
2 266 233 1
2 209 86 1
2 93 255 3
2 266 356 3
2 40 327 3
2 139 18 2
2 40 259 3
2 150 3 2
2 219 182 3
2 190 327 2
2 356 207 2
2 284 264 1
2 57 196 3
2 226 83 1
2 288 149 2
2 304 288 2
2 96 100 0
2 225 149 3
2 98 149 1
2 229 193 1
2 96 190 2
2 226 116 1
2 3 304 0
2 150 285 3
2 149 182 3
2 128 337 0
2 317 153 1
2 111 150 2
2 331 92 2
2 128 260 2
2 85 285 3
2 87 57 2
2 196 17 3
2 229 112 2
2 266 86 0
2 220 218 1
2 3 254 1
2 98 251 0
2 258 84 2
2 128 228 0
2 255 193 1
2 196 2 1
2 103 254 3
2 225 285 3
2 111 258 3
2 264 259 0
2 87 338 2
2 82 337 1
2 128 284 2
2 3 255 0
2 128 17 1
2 57 318 2
2 17 258 0
2 85 93 3
2 355 255 2
2 255 215 2
2 355 264 1
2 87 129 2
2 258 82 2
2 317 129 3
2 216 82 0
2 304 62 2
2 153 40 1
2 333 194 0
2 82 194 3
2 207 150 0
2 18 333 2
2 57 150 0
2 304 149 1
2 113 92 1
2 190 87 1
2 84 92 0
2 85 251 1
2 224 40 0
2 150 84 2
2 228 219 1
2 226 149 0
2 86 317 3
2 189 233 0
2 113 218 2
2 318 97 3
2 258 218 3
2 317 364 2
2 149 83 3
2 138 98 0
2 10 285 2
2 218 57 2
2 64 103 2
2 129 40 3
2 40 128 3
2 194 129 0
2 150 189 3
2 92 226 2
2 356 254 2
2 97 251 1
2 220 82 0
2 196 331 0
2 251 355 0
2 129 266 2
2 226 97 2
2 84 40 3
2 100 317 2
2 285 304 3
2 18 86 0
2 93 331 1
2 40 116 3
2 285 309 2
2 337 36 2
2 225 98 2
2 288 258 0
2 93 363 3
2 83 304 2
2 331 318 3
2 338 260 2
2 304 2 1
2 96 338 3
2 111 263 3
2 304 228 3
2 338 261 2
2 129 254 2
2 98 220 0
2 327 111 0
2 190 331 3
2 128 116 0
2 100 258 1
2 82 153 1
2 251 266 1
2 224 215 2
2 220 309 1
2 317 62 1
2 227 304 3
2 92 57 1
2 194 228 0
2 116 103 1
2 304 331 0
2 98 194 0
2 97 116 0
2 182 128 3
2 266 251 0
2 3 333 1
2 116 83 1
2 285 153 2
2 284 227 3
2 331 64 0
2 209 327 0
2 305 364 1
2 331 304 1
2 327 36 0
2 116 284 0
2 337 218 0
2 113 216 3
2 327 93 2
2 92 233 1
2 363 305 0
2 189 288 3
2 266 2 0
2 57 194 3
2 189 284 2
2 129 255 0
2 331 363 0
2 259 113 1
2 355 2 1
2 331 255 1
2 309 113 3
2 226 83 1
2 363 264 3
2 128 92 3
2 229 87 0
2 356 333 0
2 218 337 2
2 129 92 1
2 189 10 1
2 216 85 1
2 224 193 0
2 251 318 1
2 182 327 3
2 36 182 3
2 116 103 3
2 255 87 0
2 225 317 1
2 356 284 1
2 355 309 0
2 305 266 1
2 331 64 1
2 233 116 2
2 97 266 2
2 218 83 1
2 363 62 2
2 84 226 2
2 261 264 1
2 2 189 2
2 225 215 2
2 284 264 0
2 355 254 1
2 139 111 3
2 285 139 1
2 220 331 3
2 116 264 3
2 263 83 2
2 64 139 2
2 331 317 2
2 264 153 0
2 96 10 0
2 259 96 3
2 318 288 0
2 103 3 1
2 285 261 1
2 305 84 2
2 111 92 0
2 10 261 3
2 227 225 0
2 258 96 2
2 64 98 3
2 364 355 1
2 258 355 3
2 261 17 2
2 92 196 3
2 103 97 1
2 182 219 0
2 215 10 1
2 2 84 1
2 228 153 1
2 363 220 0
2 196 233 2
2 150 318 0
2 182 215 0
2 100 209 2
2 139 129 2
2 113 87 0
2 40 209 1
2 84 93 0
2 226 333 0
2 251 304 3
2 218 261 3
2 2 36 3
2 93 227 1
2 285 97 3
2 150 116 0
2 153 18 1
2 259 92 2
2 217 10 1
3 65 74 0
3 104 142 0
3 102 156 0
3 34 324 1
3 347 325 1
3 146 36 0
3 323 270 0
3 256 352 2
3 66 353 1
3 104 155 1
3 136 256 3
3 36 104 2
3 154 326 1
3 51 136 3
3 65 239 2
3 34 323 0
3 360 239 1
3 155 197 1
3 291 256 2
3 75 65 0
3 156 0 1
3 102 269 0
3 291 156 3
3 154 325 1
3 256 106 1
3 291 270 3
3 197 145 1
3 34 360 3
3 324 142 2
3 154 326 3
3 51 155 3
3 155 107 2
3 324 0 3
3 75 256 0
3 360 156 0
3 146 154 2
3 156 325 2
3 106 104 0
3 50 0 0
3 146 178 0
3 142 65 3
3 197 289 1
3 102 51 3
3 197 347 0
3 352 156 3
3 36 74 3
3 325 352 2
3 156 326 0
3 155 352 2
3 12 108 3
3 256 143 0
3 136 256 3
3 146 323 1
3 352 256 3
3 107 360 1
3 323 324 1
3 106 324 0
3 50 102 0
3 347 102 0
3 156 323 0
3 352 65 3
3 256 50 1
3 323 137 1
3 1 34 0
3 65 197 2
3 1 326 1
3 51 102 3
3 1 146 2
3 0 256 0
3 156 326 3
3 360 178 3
3 65 104 1
3 290 146 1
3 34 104 1
3 326 325 0
3 34 256 3
3 290 50 2
3 146 360 3
3 269 107 1
3 36 34 3
3 360 11 0
3 136 34 0
3 270 239 1
3 143 51 3
3 36 289 1
3 326 219 0
3 256 360 0
3 154 36 1
3 66 106 3
3 106 178 0
3 143 104 3
3 36 155 2
3 65 197 0
3 155 270 2
3 65 156 1
3 137 66 1
3 352 75 1
3 325 352 0
3 34 289 3
3 154 239 3
3 347 325 1
3 326 239 0
3 137 144 2
3 136 75 1
3 66 136 1
3 269 142 1
3 136 102 3
3 256 156 1
3 154 0 2
3 143 353 2
3 102 347 2
3 197 74 3
3 102 0 0
3 74 75 2
3 239 154 0
3 34 11 3
3 347 34 3
3 270 34 2
3 65 145 1
3 1 256 2
3 326 66 3
3 323 146 1
3 0 106 0
3 12 74 1
3 290 50 1
3 270 360 2
3 270 353 0
3 107 137 3
3 325 239 3
3 11 290 3
3 143 1 3
3 50 0 3
3 50 256 1
3 51 325 1
3 1 136 0
3 142 326 3
3 324 104 3
3 239 34 2
3 136 142 0
3 11 156 2
3 137 145 1
3 360 65 1
3 323 325 3
3 137 34 2
3 75 352 0
3 290 136 1
3 102 34 0
3 323 146 3
3 289 102 3
3 154 50 0
3 256 51 0
3 65 74 2
3 156 142 1
3 269 289 3
3 51 219 1
3 219 144 0
3 142 36 0
3 65 144 1
3 106 136 2
3 65 142 3
3 270 142 0
3 51 325 1
3 107 34 0
3 50 289 1
3 256 106 0
3 137 75 0
3 178 353 3
3 154 107 0
3 12 36 2
3 1 290 0
3 51 146 1
3 289 156 3
3 256 36 2
3 219 326 2
3 270 51 1
3 289 360 0
3 34 269 0
3 325 326 0
3 269 326 2
3 325 154 3
3 143 108 1
3 75 325 0
3 326 50 2
3 154 65 1
3 291 154 2
3 144 290 0
3 74 108 0
3 219 1 0
3 219 239 1
3 155 74 1
3 102 108 1
3 144 323 3
3 270 74 3
3 291 0 0
3 326 1 3
3 144 108 0
3 108 324 2
3 290 74 3
3 12 0 2
3 347 142 1
3 50 324 3
3 137 360 2
3 66 143 2
3 353 197 1
3 360 11 2
3 137 145 1
3 142 146 1
3 1 108 0
3 137 11 1
3 102 145 2
3 219 239 2
3 142 0 2
3 1 36 0
3 107 347 0
3 65 11 0
3 51 65 0
3 324 269 1
3 197 0 1
3 74 136 1
3 11 1 2
3 325 146 3
3 178 352 0
3 0 156 3
3 156 289 3
3 145 143 2
3 66 289 1
3 51 326 2
3 156 144 0
3 156 256 3
3 144 143 2
3 146 352 3
3 34 146 2
3 290 156 3
3 269 353 1
3 0 146 2
3 239 352 0
3 11 75 0
3 50 291 2
3 136 146 3
3 239 144 3
3 143 323 0
3 50 11 2
3 50 154 3
3 289 75 1
3 104 11 3
3 154 65 1
3 65 0 0
3 106 137 3
3 146 108 2
3 104 360 1
3 144 156 1
3 65 291 2
3 239 353 2
3 0 66 2
3 197 34 2
3 239 1 0
3 270 291 0
3 106 155 0
3 51 137 3
3 154 142 2
3 102 178 0
3 51 155 3
3 270 324 2
3 107 1 3
3 352 0 0
3 51 270 1
3 12 143 0
3 108 50 0
3 137 136 0
3 360 137 1
3 326 1 3
3 107 352 3
3 36 1 3
3 270 65 3
3 145 154 2
3 34 0 0
3 136 34 3
3 136 256 1
3 155 137 1
3 74 155 3
3 104 291 3
3 36 102 2
3 270 353 1
3 136 145 1
3 347 108 0
3 104 106 2
3 291 34 3
3 360 50 3
3 12 142 3
3 12 137 1
3 347 34 2
3 353 66 2
3 290 270 3
3 353 108 0
3 1 104 1
3 36 156 1
3 239 51 1
3 156 360 2
3 347 107 2
3 347 290 1
3 323 360 1
3 178 145 3
3 353 178 1
3 239 137 2
3 51 323 0
3 269 51 2
3 352 65 3
3 178 154 3
3 178 360 3
3 290 66 1
3 143 256 2
3 325 178 3
3 156 11 0
3 239 325 3
3 197 360 3
3 326 142 1
3 360 102 3
3 256 51 3
3 269 12 2
3 290 107 1
3 360 197 3
3 290 197 1
3 137 270 2
3 12 270 2
3 75 36 1
3 108 325 2
3 107 156 0
3 75 178 0
3 239 145 3
3 270 36 0
3 352 154 3
3 325 102 0
3 65 107 0
3 75 65 1
3 108 155 3
3 137 146 1
3 290 51 0
3 144 1 1
3 290 137 2
3 360 256 1
3 106 290 0
3 106 136 0
3 12 197 2
3 324 289 1
3 136 155 0
3 197 155 1
3 102 353 2
3 1 36 2
3 144 289 2
3 145 144 3
3 326 270 0
3 289 51 2
3 353 155 2
3 106 137 2
3 197 347 2
3 66 34 1
3 137 34 2
3 34 291 2
3 270 102 0
3 65 106 0
3 36 102 3
3 219 347 2
3 270 352 3
3 291 155 2
3 347 34 2
3 352 291 0
3 269 11 1
3 50 142 3
3 270 347 1
3 269 102 3
3 146 154 3
3 291 270 1
3 353 360 2
3 137 289 0
3 353 269 2
3 102 326 0
3 219 102 2
3 270 352 2
3 178 289 0
3 106 102 1
3 219 269 2
3 323 155 2
3 0 108 0
3 154 145 3
3 219 155 0
3 269 146 3
3 353 239 1
3 66 11 2
3 256 65 3
3 136 51 0
3 106 36 0
3 51 219 2
3 51 353 1
3 0 74 1
3 74 289 0
3 142 106 0
3 36 291 2
3 239 325 3
3 74 353 0
3 178 74 0
3 323 352 1
3 142 325 0
3 137 107 1
3 102 155 0
3 107 136 1
3 239 12 2
3 326 107 2
3 74 353 2
3 352 65 2
3 144 154 3
3 219 154 3
3 136 155 1
3 155 269 3
3 106 270 3
3 197 36 1
3 143 290 0
3 108 154 3
3 219 50 1
3 34 142 0
3 0 65 3
3 145 50 0
3 11 102 0
3 197 269 3
3 106 239 1
3 269 146 0
3 12 291 2
3 107 360 2
3 50 290 0
3 137 270 3
3 0 323 2
3 11 154 1
3 270 137 1
3 102 136 2
3 270 289 3
3 143 0 3
3 239 325 0
3 142 219 2
3 75 156 2
3 137 347 2
3 353 270 2
3 104 136 3
3 50 143 1
3 0 353 0
3 155 66 2
3 239 144 2
3 104 136 1
3 291 353 2
3 75 145 1
3 144 34 1
3 0 323 3
3 323 269 0
3 156 66 1
3 239 197 3
3 323 137 3
3 146 291 3
3 360 74 3
3 347 36 0
3 269 106 3
3 291 324 3
3 145 12 3
3 352 51 0
3 50 352 2
3 66 12 1
3 156 323 3
3 36 137 2
3 325 74 3
3 136 270 1
3 12 178 0
3 256 360 1
3 137 289 2
3 146 155 3
3 290 104 2
3 360 108 0
3 34 256 1
3 323 219 1
3 353 145 0
3 74 146 2
3 136 325 3
3 154 51 3
3 197 34 2
3 108 269 0
3 323 154 1
3 137 270 1
3 137 66 2
3 144 239 2
3 239 142 3
3 12 108 0
3 326 75 1
3 75 324 2
3 142 65 3
3 108 155 0
3 74 291 0
3 142 325 2
3 108 197 0
3 360 270 1
3 66 197 0
3 36 136 2
3 239 353 3
3 154 104 2
3 146 353 2
3 269 219 1
3 360 291 1
3 155 74 1
3 219 143 3
3 154 347 2
3 145 51 2
3 323 269 2
3 146 75 0
3 136 269 0
3 12 178 2
3 347 219 3
3 347 156 2
3 269 142 0
3 290 154 2
3 323 145 3
3 269 146 0
3 347 325 2
3 1 12 0
3 325 219 3
3 347 155 3
3 269 136 2
3 142 156 2
3 12 291 0
3 1 291 3
3 146 323 0
3 326 325 0
3 154 102 2
3 289 75 1
3 154 323 3
3 66 74 0
3 104 270 1
3 137 143 2
3 270 145 2
3 239 108 1
3 137 146 2
3 325 219 2
3 107 1 2
3 156 352 2
3 219 104 1
3 1 156 2
3 104 143 3
3 12 326 1
3 270 269 3
3 360 11 2
3 106 156 1
3 326 108 3
3 289 0 3
3 11 290 2
3 290 145 2
3 360 290 1
3 290 74 1
3 102 197 2
3 106 269 3
3 65 104 3
3 0 156 3
3 353 146 3
3 106 269 1
3 291 108 2
3 66 50 2
3 104 324 0
3 143 352 0
3 154 324 3
3 324 36 2
3 290 155 0
3 51 269 3
3 360 137 1
3 270 239 3
3 156 107 3
3 144 239 0
3 107 360 2
3 352 1 3
3 239 146 0
3 289 65 0
3 144 0 2
3 137 51 0
3 102 51 1
3 145 107 0
3 107 197 2
3 66 144 3
3 75 347 0
3 36 324 1
3 326 239 0
3 104 51 1
3 108 155 1
3 178 352 1
3 0 51 3
3 323 270 3
3 290 1 3
3 136 144 3
3 75 102 0
3 75 347 1
3 74 142 0
3 323 75 3
3 12 144 3
3 36 291 0
3 34 239 3
3 352 269 0
3 66 219 0
3 352 137 1
3 353 50 0
3 0 323 3
3 289 12 0
3 12 353 3
3 74 352 0
3 34 145 0
3 178 156 1
3 65 219 3
3 51 144 1
3 323 75 0
3 50 289 3
3 360 107 3
3 143 289 2
3 108 360 2
3 145 155 2
3 326 107 0
3 142 154 3
3 107 137 2
3 136 323 0
3 107 1 2
3 108 156 0
3 290 324 2
3 325 75 2
3 0 290 3
3 107 144 1
3 269 239 0
3 34 75 3
3 11 106 2
3 325 12 2
3 50 352 2
3 256 137 1
3 137 0 1
3 219 269 2
3 1 156 2
3 146 65 3
3 289 347 2
3 291 155 3
3 65 290 1
3 36 74 0
3 324 270 1
3 270 289 0
3 104 36 3
3 256 34 3
3 156 65 1
3 104 269 0
3 146 34 2
3 36 107 2
3 102 353 2
3 36 1 0
3 239 143 3
3 0 290 1
3 108 323 2
3 0 324 0
3 291 156 3
3 239 144 1
3 50 75 0
3 324 291 0
3 256 50 0
3 66 325 2
3 143 107 3
3 347 107 2
3 36 75 0
3 256 178 0
3 291 197 0
3 256 353 2
3 146 360 1
3 75 353 3
3 144 50 1
3 270 178 2
3 269 156 0
3 36 12 0
3 51 50 0
3 291 1 3
3 50 143 1
3 219 11 1
3 360 0 0
3 143 324 0
3 269 326 3
3 0 36 0
3 324 239 1
3 75 256 2
3 11 360 2
3 143 291 1
3 269 65 3
3 144 154 3
3 154 219 2
3 11 154 1
3 269 353 2
3 102 11 2
3 347 155 0
3 108 146 3
3 11 144 2
3 324 290 0
3 142 156 1
3 143 156 1
3 353 65 1
3 106 142 0
3 291 51 2
3 290 104 1
3 51 104 1
3 107 291 0
3 50 156 3
3 106 74 1
3 66 270 3
3 34 144 1
3 325 142 1
3 136 360 0
3 219 270 1
3 326 178 3
3 108 50 1
3 270 154 3
3 154 66 3
3 107 269 1
3 269 107 0
3 75 144 1
3 1 104 1
3 12 142 0
3 154 270 3
3 74 144 0
3 290 353 1
3 291 51 2
3 239 146 1
3 352 34 1
3 352 326 0
3 36 0 2
3 145 146 0
3 353 1 0
3 66 290 0
3 269 34 3
3 323 347 3
3 11 325 1
3 239 352 0
3 50 136 2
3 137 75 1
3 75 66 3
3 11 347 1
3 75 102 3
3 50 51 3
3 50 66 2
3 270 65 0
3 66 74 3
3 11 136 3
3 143 145 3
3 136 51 2
3 291 65 0
3 65 144 2
3 11 12 2
3 12 360 0
3 353 74 2
3 66 144 0
3 142 36 1
3 50 353 0
3 289 290 1
3 347 107 3
3 104 290 1
3 75 102 2
3 323 34 3
3 36 104 1
3 219 11 0
3 146 360 0
3 219 0 0
3 347 142 0
3 1 347 2
3 324 0 1
3 107 155 0
3 239 12 1
3 137 36 1
3 269 178 0
3 102 155 3
3 178 291 0
3 360 290 0
3 269 74 1
3 11 66 1
3 65 11 2
3 11 74 0
3 107 137 1
3 136 145 2
3 154 323 3
3 74 36 0
3 106 326 1
3 324 74 3
3 65 50 1
3 270 0 2
3 108 12 3
3 270 290 3
3 144 51 1
3 102 156 0
3 74 270 0
3 270 155 2
3 156 11 1
3 256 290 0
3 0 197 2
3 156 290 2
3 75 353 1
3 360 102 2
3 256 144 0
3 323 107 0
3 50 74 2
3 104 142 1
3 144 289 1
3 353 74 2
3 75 256 0
3 145 1 0
3 352 65 1
3 136 11 3
3 12 34 2
3 360 12 3
3 1 137 0
3 155 219 0
3 353 156 1
3 66 269 0
3 74 36 1
3 34 155 2
3 146 143 3
3 66 291 0
3 108 347 3
3 11 107 0
3 108 107 2
3 347 12 2
3 66 353 2
3 353 106 3
3 102 0 1
3 36 0 2
3 156 50 3
3 256 36 3
3 137 352 2
3 106 34 2
3 256 270 2
3 326 155 1
3 51 143 3
3 326 144 2
3 36 197 0
3 256 11 2
3 108 291 2
3 102 239 3
3 347 65 3
3 178 256 2
3 36 291 3
3 326 324 1
3 290 256 3
3 36 74 0
3 269 219 2
3 360 107 1
3 11 144 3
3 291 289 0
3 12 0 2
3 289 156 1
3 74 146 3
3 108 291 1
3 1 323 2
3 0 144 1
3 51 146 0
3 137 107 3
3 51 219 1
3 146 239 3
3 50 256 3
3 146 102 3
3 51 291 0
3 270 291 0
3 219 142 0
3 326 155 2
3 219 326 2
3 145 155 3
3 50 290 2
3 325 36 3
3 145 65 2
3 142 269 1
3 75 291 3
3 142 145 2
3 74 325 0
3 323 325 3
3 11 12 3
3 50 256 0
3 136 12 1
3 290 104 0
3 136 65 1
3 142 107 1
3 219 106 2
3 75 74 2
3 289 347 3
3 74 106 0
3 289 50 3
3 142 144 0
3 146 137 1
3 143 102 3
3 155 106 0
3 12 325 0
3 145 291 1
3 156 36 1
3 289 326 3
3 290 155 2
3 347 0 3
3 104 34 2
3 154 136 0
3 197 291 2
3 291 352 0
3 51 155 0
3 156 360 1
3 360 143 1
3 360 197 1
3 51 269 1
3 178 197 3
3 145 347 2
3 323 154 0
3 104 291 1
3 326 325 0
3 197 289 1
3 154 142 1
3 142 50 2
3 197 143 0
3 1 326 2
3 74 197 3
3 290 156 3
3 352 136 3
3 50 256 1
3 256 65 0
3 290 104 1
3 51 1 1
3 155 65 2
3 106 74 2
3 197 106 1
3 347 143 3
3 65 270 0
3 325 323 3
3 108 0 0
3 144 12 0
3 323 11 0
3 269 270 1
3 143 144 2
3 325 75 3
3 106 65 2
3 144 142 1
3 178 291 1
3 102 74 1
3 219 144 0
3 291 269 0
3 178 107 0
3 360 145 2
3 0 178 0
3 137 360 0
3 145 51 1
3 352 156 0
3 269 326 1
3 352 34 0
3 106 291 1
3 347 326 1
3 178 323 1
3 36 326 0
3 107 154 0
3 36 270 1
3 155 108 1
3 143 136 2
3 12 107 1
3 36 107 2
3 143 108 3
3 107 0 0
3 156 106 1
3 74 178 1
3 0 50 3
3 178 239 1
3 156 137 3
3 156 324 0
3 291 106 3
3 107 142 3
3 178 75 1
3 156 144 1
3 136 36 1
3 325 290 2
3 11 239 2
3 74 66 0
3 0 146 3
3 65 75 3
3 75 289 1
3 11 270 0
3 155 146 3
3 36 74 2
3 353 51 1
3 75 154 1
3 104 178 1
3 155 347 1
3 289 1 3
3 66 104 2
3 154 51 3
3 360 239 2
3 36 102 3
3 0 323 1
3 142 353 1
3 108 325 0
3 34 1 1
3 142 256 2
3 326 352 2
3 270 1 1
3 102 107 2
3 34 12 3
3 104 137 3
3 360 136 1
3 137 146 1
3 51 12 3
3 145 0 3
3 178 34 0
3 36 353 2
3 156 353 3
