1 1 77 2
1 1 106 1
1 1 219 1
1 1 321 2
1 3 224 1
1 3 258 1
1 4 5 1
1 4 6 1
1 4 160 2
1 4 301 1
1 5 6 1
1 6 215 1
1 6 221 1
1 6 345 1
1 7 8 2
1 7 295 1
1 8 9 1
1 8 34 1
1 8 39 3
1 8 58 1
1 9 10 2
1 9 295 1
1 10 348 2
1 13 14 1
1 13 354 1
1 14 300 1
1 15 16 1
1 16 117 1
1 16 122 1
1 19 20 1
1 19 181 1
1 20 39 1
1 21 22 1
1 21 169 1
1 22 262 1
1 23 24 1
1 23 73 1
1 24 311 1
1 25 26 1
1 25 95 1
1 26 97 1
1 26 191 1
1 26 192 1
1 27 28 1
1 27 29 2
1 27 30 3
1 27 31 1
1 27 175 1
1 27 187 1
1 27 350 1
1 28 67 1
1 28 68 1
1 28 279 1
1 29 49 1
1 29 315 1
1 30 184 3
1 31 68 1
1 32 33 1
1 32 127 1
1 33 358 1
1 34 35 1
1 34 39 1
1 34 119 1
1 34 180 1
1 35 56 1
1 35 69 1
1 35 343 1
1 37 38 3
1 37 39 3
1 38 181 3
1 40 41 1
1 40 170 2
1 41 52 1
1 42 43 1
1 42 199 1
1 43 185 1
1 44 45 1
1 44 46 1
1 44 221 2
1 45 46 1
1 45 161 2
1 45 162 1
1 45 196 1
1 45 261 1
1 47 48 2
1 47 49 2
1 48 162 2
1 48 246 1
1 48 310 1
1 49 174 1
1 49 292 1
1 49 313 1
1 49 314 1
1 52 53 1
1 53 147 1
1 54 55 1
1 54 201 1
1 55 99 1
1 56 57 1
1 57 102 1
1 58 59 1
1 59 76 2
1 59 219 1
1 59 348 2
1 60 61 2
1 60 179 2
1 61 109 2
1 62 63 1
1 62 336 1
1 67 68 1
1 67 213 1
1 67 214 1
1 67 252 1
1 67 320 1
1 68 183 1
1 68 206 1
1 68 213 1
1 69 70 1
1 70 176 1
1 70 277 1
1 71 72 1
1 71 250 1
1 72 301 1
1 73 361 1
1 76 77 2
1 78 79 1
1 78 131 1
1 79 201 1
1 80 81 1
1 81 130 1
1 81 257 1
1 81 351 1
1 86 187 1
1 86 265 1
1 88 89 1
1 88 332 1
1 89 151 1
1 90 91 1
1 90 173 1
1 91 131 1
1 94 95 1
1 94 181 1
1 97 181 1
1 99 100 1
1 99 101 1
1 99 262 1
1 100 101 1
1 100 181 2
1 100 183 2
1 102 105 1
1 105 106 1
1 109 110 2
1 110 295 2
1 114 115 1
1 114 346 1
1 115 271 1
1 117 125 1
1 118 119 1
1 118 135 1
1 120 121 2
1 120 213 1
1 120 281 1
1 121 179 2
1 121 180 2
1 121 214 2
1 123 124 1
1 123 210 1
1 124 332 1
1 125 296 1
1 126 127 1
1 126 130 1
1 132 133 1
1 132 358 1
1 133 344 1
1 134 135 1
1 134 281 1
1 135 206 1
1 135 245 1
1 140 141 1
1 140 296 1
1 147 148 1
1 148 177 1
1 151 152 1
1 152 357 1
1 157 158 1
1 157 298 1
1 158 265 1
1 159 160 1
1 159 299 1
1 160 300 1
1 161 162 1
1 161 200 3
1 163 164 1
1 163 223 1
1 164 338 1
1 165 166 2
1 165 167 2
1 166 232 1
1 166 329 1
1 167 253 2
1 168 169 1
1 168 186 1
1 170 322 2
1 171 172 1
1 171 341 1
1 172 316 1
1 174 175 1
1 176 180 1
1 176 257 1
1 177 247 1
1 180 214 1
1 180 277 1
1 180 343 1
1 181 184 3
1 181 245 1
1 183 205 1
1 185 210 1
1 186 294 1
1 186 365 1
1 187 188 1
1 187 272 1
1 188 350 1
1 191 293 1
1 192 336 1
1 195 196 1
1 195 316 1
1 198 199 1
1 198 330 1
1 200 273 1
1 200 339 2
1 202 203 2
1 202 204 2
1 204 280 2
1 205 206 1
1 206 281 1
1 211 212 1
1 211 303 1
1 212 222 1
1 213 281 1
1 214 349 2
1 215 264 1
1 219 282 1
1 221 328 1
1 222 223 1
1 223 299 1
1 224 225 1
1 225 305 1
1 227 229 1
1 229 263 1
1 230 231 1
1 230 232 1
1 230 302 1
1 231 306 1
1 234 235 1
1 234 236 1
1 234 237 1
1 235 237 1
1 236 248 1
1 237 238 1
1 240 241 1
1 241 359 1
1 242 243 2
1 242 244 2
1 243 253 2
1 246 338 1
1 247 362 1
1 248 249 1
1 249 250 1
1 252 273 1
1 258 259 1
1 259 267 1
1 263 304 1
1 264 331 1
1 267 268 1
1 268 292 1
1 271 272 1
1 272 298 1
1 272 306 1
1 274 275 2
1 274 276 2
1 275 280 2
1 276 314 2
1 278 279 1
1 278 310 1
1 282 283 1
1 283 286 1
1 283 287 1
1 286 340 1
1 287 330 1
1 293 361 1
1 296 297 1
1 297 307 1
1 302 308 1
1 303 335 1
1 304 305 1
1 307 308 1
1 311 312 1
1 314 315 1
1 319 320 1
1 319 351 1
1 320 339 2
1 320 349 2
1 321 322 2
1 328 345 1
1 329 342 1
1 332 340 1
1 334 335 1
1 334 366 1
1 341 368 1
1 342 354 1
1 359 365 1
1 367 368 1
2 2 3 1
2 2 216 1
2 3 224 1
2 3 258 1
2 3 260 1
2 3 338 1
2 10 36 1
2 10 251 1
2 17 18 1
2 17 318 1
2 18 309 1
2 36 337 1
2 40 363 1
2 57 103 1
2 57 333 1
2 62 64 1
2 62 226 1
2 64 284 1
2 82 83 1
2 82 84 1
2 83 193 1
2 84 103 1
2 85 86 1
2 85 87 1
2 86 189 1
2 87 260 1
2 92 93 1
2 92 116 1
2 93 364 1
2 96 97 1
2 96 98 1
2 97 111 1
2 98 208 1
2 100 182 1
2 103 327 1
2 103 355 1
2 111 112 1
2 111 113 1
2 112 149 1
2 113 150 1
2 116 233 1
2 128 129 1
2 128 153 1
2 129 255 1
2 138 139 1
2 138 209 1
2 139 226 1
2 149 220 1
2 150 217 1
2 153 317 1
2 182 266 1
2 189 190 1
2 190 207 1
2 193 194 1
2 194 318 1
2 194 356 1
2 196 254 1
2 196 261 1
2 207 208 1
2 207 209 1
2 215 216 1
2 215 264 1
2 217 218 1
2 218 219 1
2 220 251 1
2 224 225 1
2 225 305 1
2 227 228 1
2 227 229 1
2 228 233 1
2 229 263 1
2 254 255 1
2 258 259 1
2 259 266 1
2 261 338 1
2 263 304 1
2 264 331 1
2 284 285 1
2 285 288 1
2 288 363 1
2 304 305 1
2 317 327 1
2 333 337 1
3 0 1 1
3 0 352 1
3 1 347 1
3 11 12 1
3 11 156 1
3 12 65 1
3 12 290 1
3 12 324 1
3 34 36 1
3 36 289 1
3 36 360 1
3 50 51 1
3 50 325 1
3 51 146 1
3 65 66 1
3 66 106 1
3 74 75 1
3 74 326 1
3 75 156 1
3 102 104 1
3 102 324 1
3 104 239 1
3 106 107 1
3 106 108 1
3 106 347 1
3 107 142 1
3 108 323 1
3 136 137 1
3 136 239 1
3 137 256 1
3 142 143 1
3 143 325 1
3 144 145 1
3 144 256 1
3 145 154 1
3 146 197 1
3 154 155 1
3 155 178 1
3 219 326 1
3 219 352 1
3 219 353 1
3 269 270 1
3 269 291 1
3 289 290 1
3 290 324 1
3 291 323 11 357 219 0
1 349 80 0
1 231 241 3
1 330 152 2
1 71 236 0
1 172 58 3
1 135 24 0
1 280 346 2
1 62 95 0
1 161 237 0
1 345 319 1
1 15 350 0
1 102 110 0
1 46 29 0
1 181 56 0
1 141 131 3
1 205 200 2
1 273 159 1
1 339 134 1
1 259 140 1
1 9 171 1
1 271 236 0
1 73 319 3
1 5 339 0
1 60 253 0
1 94 54 1
1 40 310 2
1 95 198 3
1 303 247 3
1 211 278 2
1 38 133 2
1 161 212 1
1 21 215 1
1 161 55 3
1 13 214 2
1 159 58 3
1 232 15 0
1 164 257 3
1 34 53 2
1 102 70 1
1 174 366 1
1 1 118 1
1 131 80 0
1 49 119 2
1 320 158 1
1 248 90 0
1 162 120 0
1 253 173 3
1 257 43 3
1 259 301 2
1 229 294 0
1 280 97 1
1 53 125 3
1 40 232 0
1 221 296 2
1 106 264 3
1 81 39 2
1 225 184 0
1 267 346 1
1 169 120 0
1 305 6 2
1 168 134 3
1 272 234 1
1 67 312 3
1 95 202 0
1 171 242 2
1 259 282 1
1 308 277 3
1 202 262 0
1 157 165 1
1 175 52 2
1 170 319 2
1 163 167 1
1 59 273 3
1 122 173 0
1 286 212 2
1 131 243 0
1 214 286 3
1 334 268 1
1 242 38 0
1 15 361 0
1 215 151 2
1 354 258 2
1 302 215 3
1 26 33 0
1 187 121 1
1 295 43 3
1 118 157 3
1 68 296 2
1 177 168 3
1 159 214 1
1 339 119 1
1 35 232 2
1 232 267 3
1 119 280 0
1 366 126 1
1 9 316 0
1 313 3 2
1 241 179 3
1 211 313 3
1 152 295 0
1 32 97 3
1 191 23 3
1 335 198 0
1 20 342 3
1 278 31 2
1 174 88 3
1 265 54 2
1 247 69 0
1 213 286 1
1 206 302 0
1 343 61 3
1 122 177 0
1 319 199 0
1 201 160 3
1 331 283 1
1 183 191 3
1 37 243 3
1 181 114 3
1 68 77 1
1 322 147 2
1 69 53 3
1 168 308 3
1 177 280 2
1 359 174 0
1 72 133 0
1 33 278 3
1 292 321 3
1 28 191 3
1 232 357 0
1 89 186 1
1 157 200 3
1 117 56 2
1 310 133 2
1 350 298 0
1 40 117 1
1 24 121 3
1 229 7 0
1 227 159 0
1 158 264 2
1 7 117 2
1 310 68 2
1 35 31 1
1 159 88 2
1 199 53 0
1 322 67 0
1 257 367 2
1 359 39 3
1 354 331 0
1 118 41 3
1 91 221 0
1 188 100 1
1 176 157 1
1 275 295 3
1 29 181 0
1 335 234 3
1 173 68 0
1 224 151 1
1 322 58 1
1 91 42 0
1 367 345 0
1 94 312 0
1 16 200 2
1 120 242 3
1 191 172 2
1 97 252 2
1 258 68 0
1 167 171 1
1 119 19 3
1 245 100 3
1 367 119 1
1 15 179 0
1 310 231 1
1 25 69 0
1 26 7 3
1 243 265 1
1 238 95 3
1 241 100 3
1 33 172 1
1 320 286 2
1 97 40 3
1 359 312 0
1 311 141 2
1 298 20 1
1 202 80 3
1 191 286 0
1 73 298 0
1 332 76 2
1 267 186 3
1 240 238 3
1 272 184 3
1 160 273 3
1 114 249 1
1 163 321 0
1 39 261 2
1 16 19 0
1 188 259 0
1 89 238 1
1 229 339 0
1 19 313 1
1 25 298 2
2 86 355 2
2 264 285 1
2 92 17 0
2 87 97 0
2 355 224 3
2 18 87 3
2 103 254 2
2 333 84 0
2 97 217 3
2 226 285 0
2 356 305 2
2 2 18 0
2 258 356 2
2 318 285 0
2 225 288 0
2 285 189 1
2 129 150 0
2 364 182 2
2 208 254 1
2 96 116 1
2 196 227 2
2 87 355 3
2 129 264 3
2 363 62 3
2 2 284 1
2 87 2 3
2 251 64 0
2 196 225 1
2 139 2 1
2 150 259 3
2 233 229 0
2 327 97 0
2 97 64 2
2 209 364 1
2 254 304 0
2 64 220 2
2 318 309 1
2 92 327 3
2 251 111 0
2 10 18 1
2 196 36 2
2 254 190 0
2 266 40 3
2 111 62 0
2 116 86 3
2 284 318 0
2 220 355 1
2 305 40 1
2 182 355 1
2 85 224 1
2 259 2 0
2 190 355 3
2 96 83 3
2 194 233 2
2 251 182 1
2 233 218 3
2 83 17 1
2 285 149 1
2 363 18 1
2 62 261 0
2 128 85 0
2 355 317 0
2 17 317 3
2 10 3 0
2 139 228 0
2 93 189 0
2 182 40 3
2 364 10 3
2 229 87 1
2 264 103 0
2 260 190 0
2 258 128 3
2 217 18 3
2 190 338 1
2 364 355 1
2 97 116 3
2 266 193 3
2 218 10 3
2 113 194 0
2 219 112 1
2 2 82 3
2 190 103 3
2 261 220 2
2 2 305 2
2 220 304 1
2 220 182 0
2 331 285 0
2 129 139 2
2 138 193 3
2 18 219 1
2 100 207 2
2 260 305 3
2 216 17 3
2 309 218 3
2 112 333 1
2 305 317 3
2 218 18 1
2 103 10 3
2 193 333 3
2 86 57 1
2 264 96 3
2 215 228 1
2 139 86 3
2 305 96 1
2 254 153 0
2 251 150 3
2 338 261 2
2 327 337 3
2 182 193 2
2 139 364 3
2 3 62 1
2 288 266 1
2 129 215 3
2 111 62 0
2 254 129 1
2 18 150 3
2 228 112 2
2 150 208 1
2 259 227 3
2 190 224 3
2 259 10 1
2 309 333 3
2 18 217 1
2 57 215 3
2 364 36 1
2 92 227 1
2 331 150 2
2 220 36 2
2 260 261 2
2 103 82 0
2 284 228 0
2 331 355 0
2 260 224 3
2 259 226 3
2 356 194 0
2 83 128 1
2 139 62 2
2 228 209 1
2 284 285 2
2 193 355 2
2 263 259 3
2 116 331 1
2 259 98 0
2 2 62 3
2 18 227 2
2 194 260 2
2 189 18 3
2 208 261 1
2 18 82 1
2 254 64 2
2 333 309 3
2 259 189 0
2 85 62 1
2 3 227 1
2 258 218 0
2 264 337 0
2 193 189 1
2 83 139 0
2 227 266 3
2 356 112 1
2 36 337 2
2 226 219 2
2 190 97 2
2 196 337 2
2 227 10 1
2 219 17 1
2 254 317 2
2 18 139 2
2 207 111 2
2 288 225 3
2 225 229 1
2 10 96 0
2 207 260 1
2 225 251 0
2 96 36 0
2 260 92 2
2 92 57 3
2 284 116 1
2 220 36 2
2 266 225 3
2 2 18 3
2 189 229 0
2 355 263 3
2 218 227 1
2 229 207 3
2 84 112 3
2 261 285 2
2 217 112 0
2 356 116 2
2 190 97 2
2 233 260 3
2 228 85 0
2 215 87 2
2 62 215 3
2 129 92 2
2 263 116 2
2 86 18 1
2 87 113 0
2 363 318 1
2 18 224 1
2 356 36 1
3 0 74 1
3 178 289 1
3 0 107 1
3 352 347 1
3 144 50 2
3 136 290 2
3 12 353 2
3 137 106 3
3 269 108 3
3 239 137 2
3 1 136 0
3 219 12 3
3 323 256 1
3 142 353 2
3 104 66 0
3 65 323 2
3 0 323 2
3 65 106 0
3 104 323 3
3 11 102 1
3 142 289 2
3 156 239 2
3 352 66 0
3 0 66 0
3 108 326 3
3 51 156 0
3 290 352 3
3 12 108 1
3 323 178 3
3 239 142 3
3 323 154 2
3 51 108 1
3 74 347 3
3 75 291 0
3 239 137 2
3 326 146 1
3 325 0 0
3 154 36 3
3 353 270 2
3 51 360 3
3 154 269 0
3 51 197 2
3 347 219 3
3 0 154 1
3 239 197 0
3 0 155 1
3 102 155 3
3 144 107 2
3 1 324 3
3 145 324 2
3 353 74 0
3 155 51 0
3 178 66 1
3 66 104 2
3 326 352 3
3 291 269 1
3 353 137 2
3 289 324 0
3 324 75 3
3 146 12 0
3 269 137 1
3 12 347 2
3 360 289 1
3 326 197 1
3 107 347 1
3 155 239 1
3 352 106 3
3 142 146 0
3 324 256 1
3 143 239 2
3 289 347 2
3 51 66 3
3 323 102 3
3 156 108 0
3 289 269 0
3 1 106 2
3 142 290 2
3 12 142 0
3 108 102 3
3 326 102 1
3 66 269 3
3 145 270 2
3 34 137 0
3 197 146 2
3 325 145 2
3 12 360 3
3 74 156 3
3 353 36 0
3 360 11 2
3 360 65 0
3 323 34 1
3 66 291 1
3 143 269 0
3 136 352 1
3 11 107 0
3 11 142 0
3 154 325 2
3 75 352 2
3 291 107 3
3 269 1 1
3 219 269 1
3 106 155 0
3 155 291 1
3 145 325 0
3 0 155 0
3 107 239 1
3 324 142 1
3 178 291 1
3 352 104 1
3 270 107 1
3 146 323 0
3 155 106 2
3 142 324 3
3 326 0 0
3 154 146 1
3 155 323 2
3 0 325 2
3 136 50 1
3 104 347 0
3 353 51 3
3 144 347 0
3 352 324 2
3 65 347 3
3 291 325 0
3 104 11 0
3 136 326 3
3 106 51 1
3 155 291 2
3 219 178 1
3 239 36 1
3 197 104 2
3 291 136 0
3 289 146 3
3 289 146 3
3 154 323 2
3 74 289 3
3 107 219 2
3 65 51 1
3 290 12 1
3 51 155 2
3 323 11 3
3 290 66 1
3 326 197 0
3 1 156 0
3 353 36 3
3 102 66 2
3 34 75 1
3 197 353 0
3 106 324 1
3 34 269 1
3 353 154 3
3 108 142 3
3 239 51 1
3 74 178 2
3 154 145 3
3 289 270 0
3 323 360 1
3 12 352 1
3 107 74 2
3 353 50 3
3 66 1 1
3 74 36 0
3 74 219 2
3 136 347 2
3 51 75 1
3 142 323 2
3 178 137 2
3 142 154 2
3 360 352 3
3 269 0 1
3 146 326 2
3 289 270 3
3 75 289 2
3 197 352 2
3 289 360 2
3 142 256 3
3 65 137 2
3 323 290 1
3 144 269 3
3 325 66 2
3 106 269 2
3 106 289 2
3 66 106 1
3 326 256 3
3 290 0 3
3 12 144 2
3 290 347 1
3 0 1 3
3 143 36 0
3 108 75 3
3 104 137 1
3 106 11 3
3 102 65 0
3 290 11 2
3 290 270 3
3 155 353 1
3 0 325 0
3 360 291 2
3 102 239 0
3 197 145 2
3 270 142 0
