2 2 77 3
2 2 106 2
2 2 219 2
2 2 321 3
2 1 224 2
2 1 258 2
2 4 5 2
2 4 6 2
2 4 160 3
2 4 301 2
2 5 6 2
2 6 215 2
2 6 221 2
2 6 345 2
2 7 8 3
2 7 295 2
2 8 9 2
2 8 34 2
2 8 39 1
2 8 58 2
2 9 10 3
2 9 295 2
2 10 348 3
2 13 14 2
2 13 354 2
2 14 300 2
2 15 16 2
2 16 117 2
2 16 122 2
2 19 20 2
2 19 181 2
2 20 39 2
2 21 22 2
2 21 169 2
2 22 262 2
2 23 24 2
2 23 73 2
2 24 311 2
2 25 26 2
2 25 95 2
2 26 97 2
2 26 191 2
2 26 192 2
2 27 28 2
2 27 29 3
2 27 30 1
2 27 31 2
2 27 175 2
2 27 187 2
2 27 350 2
2 28 67 2
2 28 68 2
2 28 279 2
2 29 49 2
2 29 315 2
2 30 184 1
2 31 68 2
2 32 33 2
2 32 127 2
2 33 358 2
2 34 35 2
2 34 39 2
2 34 119 2
2 34 180 2
2 35 56 2
2 35 69 2
2 35 343 2
2 37 38 1
2 37 39 1
2 38 181 1
2 40 41 2
2 40 170 3
2 41 52 2
2 42 43 2
2 42 199 2
2 43 185 2
2 44 45 2
2 44 46 2
2 44 221 3
2 45 46 2
2 45 161 3
2 45 162 2
2 45 196 2
2 45 261 2
2 47 48 3
2 47 49 3
2 48 162 3
2 48 246 2
2 48 310 2
2 49 174 2
2 49 292 2
2 49 313 2
2 49 314 2
2 52 53 2
2 53 147 2
2 54 55 2
2 54 201 2
2 55 99 2
2 56 57 2
2 57 102 2
2 58 59 2
2 59 76 3
2 59 219 2
2 59 348 3
2 60 61 3
2 60 179 3
2 61 109 3
2 62 63 2
2 62 336 2
2 67 68 2
2 67 213 2
2 67 214 2
2 67 252 2
2 67 320 2
2 68 183 2
2 68 206 2
2 68 213 2
2 69 70 2
2 70 176 2
2 70 277 2
2 71 72 2
2 71 250 2
2 72 301 2
2 73 361 2
2 76 77 3
2 78 79 2
2 78 131 2
2 79 201 2
2 80 81 2
2 81 130 2
2 81 257 2
2 81 351 2
2 86 187 2
2 86 265 2
2 88 89 2
2 88 332 2
2 89 151 2
2 90 91 2
2 90 173 2
2 91 131 2
2 94 95 2
2 94 181 2
2 97 181 2
2 99 100 2
2 99 101 2
2 99 262 2
2 100 101 2
2 100 181 3
2 100 183 3
2 102 105 2
2 105 106 2
2 109 110 3
2 110 295 3
2 114 115 2
2 114 346 2
2 115 271 2
2 117 125 2
2 118 119 2
2 118 135 2
2 120 121 3
2 120 213 2
2 120 281 2
2 121 179 3
2 121 180 3
2 121 214 3
2 123 124 2
2 123 210 2
2 124 332 2
2 125 296 2
2 126 127 2
2 126 130 2
2 132 133 2
2 132 358 2
2 133 344 2
2 134 135 2
2 134 281 2
2 135 206 2
2 135 245 2
2 140 141 2
2 140 296 2
2 147 148 2
2 148 177 2
2 151 152 2
2 152 357 2
2 157 158 2
2 157 298 2
2 158 265 2
2 159 160 2
2 159 299 2
2 160 300 2
2 161 162 2
2 161 200 1
2 163 164 2
2 163 223 2
2 164 338 2
2 165 166 3
2 165 167 3
2 166 232 2
2 166 329 2
2 167 253 3
2 168 169 2
2 168 186 2
2 170 322 3
2 171 172 2
2 171 341 2
2 172 316 2
2 174 175 2
2 176 180 2
2 176 257 2
2 177 247 2
2 180 214 2
2 180 277 2
2 180 343 2
2 181 184 1
2 181 245 2
2 183 205 2
2 185 210 2
2 186 294 2
2 186 365 2
2 187 188 2
2 187 272 2
2 188 350 2
2 191 293 2
2 192 336 2
2 195 196 2
2 195 316 2
2 198 199 2
2 198 330 2
2 200 273 2
2 200 339 3
2 202 203 3
2 202 204 3
2 204 280 3
2 205 206 2
2 206 281 2
2 211 212 2
2 211 303 2
2 212 222 2
2 213 281 2
2 214 349 3
2 215 264 2
2 219 282 2
2 221 328 2
2 222 223 2
2 223 299 2
2 224 225 2
2 225 305 2
2 227 229 2
2 229 263 2
2 230 231 2
2 230 232 2
2 230 302 2
2 231 306 2
2 234 235 2
2 234 236 2
2 234 237 2
2 235 237 2
2 236 248 2
2 237 238 2
2 240 241 2
2 241 359 2
2 242 243 3
2 242 244 3
2 243 253 3
2 246 338 2
2 247 362 2
2 248 249 2
2 249 250 2
2 252 273 2
2 258 259 2
2 259 267 2
2 263 304 2
2 264 331 2
2 267 268 2
2 268 292 2
2 271 272 2
2 272 298 2
2 272 306 2
2 274 275 3
2 274 276 3
2 275 280 3
2 276 314 3
2 278 279 2
2 278 310 2
2 282 283 2
2 283 286 2
2 283 287 2
2 286 340 2
2 287 330 2
2 293 361 2
2 296 297 2
2 297 307 2
2 302 308 2
2 303 335 2
2 304 305 2
2 307 308 2
2 311 312 2
2 314 315 2
2 319 320 2
2 319 351 2
2 320 339 3
2 320 349 3
2 321 322 3
2 328 345 2
2 329 342 2
2 332 340 2
2 334 335 2
2 334 366 2
2 341 368 2
2 342 354 2
2 359 365 2
2 367 368 2
3 3 1 2
3 3 216 2
3 1 224 2
3 1 258 2
3 1 260 2
3 1 338 2
3 10 36 2
3 10 251 2
3 17 18 2
3 17 318 2
3 18 309 2
3 36 337 2
3 40 363 2
3 57 103 2
3 57 333 2
3 62 64 2
3 62 226 2
3 64 284 2
3 82 83 2
3 82 84 2
3 83 193 2
3 84 103 2
3 85 86 2
3 85 87 2
3 86 189 2
3 87 260 2
3 92 93 2
3 92 116 2
3 93 364 2
3 96 97 2
3 96 98 2
3 97 111 2
3 98 208 2
3 100 182 2
3 103 327 2
3 103 355 2
3 111 112 2
3 111 113 2
3 112 149 2
3 113 150 2
3 116 233 2
3 128 129 2
3 128 153 2
3 129 255 2
3 138 139 2
3 138 209 2
3 139 226 2
3 149 220 2
3 150 217 2
3 153 317 2
3 182 266 2
3 189 190 2
3 190 207 2
3 193 194 2
3 194 318 2
3 194 356 2
3 196 254 2
3 196 261 2
3 207 208 2
3 207 209 2
3 215 216 2
3 215 264 2
3 217 218 2
3 218 219 2
3 220 251 2
3 224 225 2
3 225 305 2
3 227 228 2
3 227 229 2
3 228 233 2
3 229 263 2
3 254 255 2
3 258 259 2
3 259 266 2
3 261 338 2
3 263 304 2
3 264 331 2
3 284 285 2
3 285 288 2
3 288 363 2
3 304 305 2
3 317 327 2
3 333 337 2
1 0 2 2
1 0 352 2
1 2 347 2
1 11 12 2
1 11 156 2
1 12 65 2
1 12 290 2
1 12 324 2
1 34 36 2
1 36 289 2
1 36 360 2
1 50 51 2
1 50 325 2
1 51 146 2
1 65 66 2
1 66 106 2
1 74 75 2
1 74 326 2
1 75 156 2
1 102 104 2
1 102 324 2
1 104 239 2
1 106 107 2
1 106 108 2
1 106 347 2
1 107 142 2
1 108 323 2
1 136 137 2
1 136 239 2
1 137 256 2
1 142 143 2
1 143 325 2
1 144 145 2
1 144 256 2
1 145 154 2
1 146 197 2
1 154 155 2
1 155 178 2
1 219 326 2
1 219 352 2
1 219 353 2
1 269 270 2
1 269 291 2
1 289 290 2
1 290 324 2
1 291 323 2
2 69 1 1
3 254 3 3
3 100 338 1
3 217 10 1
3 208 62 3
3 111 225 2
3 305 103 3
3 263 40 2
3 3 259 3
3 103 1 1
3 85 331 1
3 233 57 0
3 217 92 0
3 182 363 3
3 64 149 0
3 10 196 1
3 261 149 2
3 228 62 2
3 92 217 1
3 139 227 3
3 217 258 2
3 305 225 0
3 64 338 0
3 153 150 0
3 196 317 3
3 87 227 3
3 129 93 3
3 338 219 2
3 304 331 2
3 356 216 1
3 196 62 1
3 113 149 3
3 149 220 0
3 196 224 1
3 36 285 0
3 92 150 1
3 1 355 1
3 333 266 0
3 260 215 2
3 193 113 0
3 17 309 1
3 86 18 0
3 113 331 2
3 363 220 3
3 190 82 3
3 261 36 0
3 337 62 1
3 83 226 0
3 92 331 1
3 82 209 3
3 355 218 2
3 337 261 1
3 260 150 2
3 338 112 3
3 218 264 2
3 86 17 3
3 327 36 2
3 309 85 0
3 264 57 1
3 116 363 2
3 84 364 1
3 103 261 2
3 363 284 1
3 337 364 1
3 260 3 3
3 98 111 1
3 225 207 0
3 327 36 1
3 255 219 3
3 103 216 1
3 113 208 3
3 220 229 0
3 338 233 2
3 355 264 0
3 112 82 0
3 255 150 0
3 355 86 3
3 112 40 0
3 251 288 2
3 87 220 2
3 129 254 0
3 57 327 3
3 338 111 2
3 85 264 2
3 356 260 0
3 112 138 3
3 217 285 3
3 218 87 2
3 83 309 2
3 96 190 1
3 226 83 2
3 97 304 3
3 266 356 3
3 138 264 1
3 193 266 2
3 264 261 2
3 229 18 0
3 97 331 1
3 64 216 2
3 309 3 0
3 100 218 1
3 62 82 3
3 219 338 3
3 3 233 2
3 260 266 2
3 355 10 3
3 86 182 1
3 364 259 3
3 116 113 3
3 331 57 3
3 266 150 2
3 87 138 1
3 92 333 1
3 225 129 2
3 149 254 2
3 149 331 0
3 338 305 3
3 266 87 2
3 285 224 3
3 84 219 0
3 331 227 1
3 224 86 0
3 363 260 3
3 153 251 2
3 83 138 1
3 331 266 2
3 112 263 1
3 129 227 3
3 363 189 1
3 266 113 2
3 84 189 0
3 255 261 0
3 251 129 2
3 103 84 0
3 190 83 0
3 112 228 0
3 284 85 2
3 219 196 0
3 364 207 3
3 331 83 3
3 225 97 2
3 228 103 1
3 57 260 3
3 304 139 2
3 284 216 3
3 83 226 3
3 57 36 3
3 264 227 2
3 82 138 3
3 128 229 2
3 309 128 3
3 305 93 3
3 207 62 2
3 254 103 1
3 36 111 1
3 138 255 0
3 305 208 3
3 317 93 2
3 309 331 1
3 217 84 1
3 87 227 3
3 263 285 3
3 193 190 0
3 225 17 0
3 309 364 1
3 208 92 0
3 304 128 1
3 207 86 0
3 128 96 0
3 1 225 3
3 193 284 1
3 3 116 1
3 182 216 2
3 138 285 3
3 18 112 2
3 129 233 0
3 129 224 2
3 209 337 0
3 182 261 2
3 254 64 3
3 36 363 0
3 208 83 1
3 364 327 2
3 215 194 3
3 113 260 2
3 64 228 3
3 113 62 0
3 3 84 0
3 337 215 1
3 260 255 0
3 87 309 3
3 251 318 0
3 356 215 1
3 284 216 3
3 189 87 1
3 338 209 1
3 355 139 1
3 40 113 2
3 215 259 0
3 96 364 3
3 220 208 3
3 100 264 2
3 116 208 0
3 218 363 0
3 228 193 2
3 363 153 2
3 92 226 2
3 57 98 0
3 229 103 3
3 86 150 3
3 92 209 1
3 96 97 2
3 196 285 1
3 284 355 3
3 215 138 2
3 264 305 3
3 288 363 0
3 97 40 2
3 82 309 3
3 260 333 2
3 217 338 3
3 62 83 1
3 255 128 0
3 92 10 2
3 92 225 0
3 116 264 0
3 224 266 3
3 224 103 1
3 355 10 0
3 87 208 1
3 182 338 0
3 129 62 0
3 196 233 3
3 40 1 0
3 227 116 0
3 96 153 0
3 207 150 0
3 85 190 3
3 139 251 2
3 103 62 1
3 304 209 0
3 224 10 1
3 149 266 1
3 226 356 0
3 209 317 2
3 260 87 1
3 84 112 0
3 10 217 3
3 182 215 0
3 93 364 2
3 196 220 2
3 218 318 3
3 229 116 0
3 364 116 1
3 225 318 0
3 228 309 2
3 338 93 1
3 224 96 1
3 100 129 3
3 220 218 1
3 304 189 2
3 189 263 3
3 85 225 0
3 217 83 1
3 207 331 3
3 82 64 0
3 263 153 1
3 327 193 3
3 62 224 2
3 87 227 3
3 92 82 1
3 318 233 3
3 86 224 3
3 251 338 1
3 338 103 2
3 40 225 3
3 364 355 3
3 96 255 1
3 338 333 3
3 86 304 1
3 10 261 0
3 82 284 3
3 327 356 2
3 138 93 3
3 98 227 1
3 309 228 1
3 97 338 1
3 251 196 3
3 215 288 2
3 93 1 2
3 233 93 0
3 96 193 0
3 62 189 3
3 97 138 1
3 139 229 1
3 284 258 2
3 355 87 1
3 258 264 0
3 17 190 2
3 97 260 2
3 288 182 2
3 224 309 3
3 103 263 1
3 93 111 0
3 139 103 3
3 87 255 0
3 139 225 0
3 62 263 1
3 229 228 1
3 10 111 1
3 113 128 2
3 149 87 1
3 93 309 0
3 138 255 2
3 255 224 3
3 112 129 0
3 226 215 0
3 228 264 3
3 149 92 3
3 40 285 2
3 217 189 2
3 309 138 0
3 139 129 1
3 87 266 2
3 219 128 3
3 228 84 2
3 98 304 0
3 36 284 3
3 338 40 0
3 309 196 1
3 284 1 3
3 327 92 1
3 100 1 3
3 111 259 0
3 220 327 2
3 317 194 1
3 255 85 1
3 10 96 3
3 285 226 2
3 363 84 0
3 84 57 1
3 139 333 0
3 285 86 2
3 92 111 3
3 194 98 2
3 228 218 1
3 338 128 1
3 224 284 2
3 305 139 2
3 98 138 3
3 111 219 2
3 220 337 1
3 96 259 3
3 40 338 1
3 219 64 0
3 233 224 1
3 356 82 1
3 18 138 1
3 251 93 2
3 190 263 3
3 266 255 3
3 263 304 2
3 10 217 1
3 318 363 0
3 62 216 0
3 36 209 0
3 215 305 1
3 259 258 1
3 190 116 1
3 229 116 0
3 138 209 1
3 318 112 1
3 92 113 0
3 103 93 2
3 331 153 3
3 225 153 0
3 93 182 1
3 207 116 0
3 304 189 1
3 83 304 3
3 215 64 3
3 226 224 3
3 264 284 1
3 259 215 3
3 182 82 0
3 255 284 3
3 98 229 0
3 98 309 1
3 1 40 3
3 190 128 0
3 93 150 2
3 18 93 3
3 337 285 0
3 285 327 3
3 331 255 0
3 229 62 3
3 225 215 1
3 98 363 0
3 337 217 0
3 355 149 2
3 215 261 2
3 103 113 3
3 86 87 2
3 84 18 2
3 139 193 2
3 229 103 3
3 116 226 0
3 317 260 2
3 225 153 1
3 207 10 0
3 139 92 2
3 190 84 0
3 264 100 2
3 266 305 3
3 219 96 2
3 40 153 1
3 93 284 1
3 36 96 0
3 139 288 1
3 207 260 0
3 1 190 0
3 93 218 2
3 260 318 3
3 96 364 0
3 149 255 2
3 82 87 2
3 219 10 1
3 10 96 2
3 251 225 1
3 139 84 3
3 260 356 3
3 254 216 3
3 309 40 2
3 209 219 3
3 261 116 2
3 356 100 3
3 96 228 0
3 193 190 3
3 260 229 0
3 224 62 3
3 327 100 2
3 355 228 0
3 139 194 2
3 217 219 0
3 128 337 1
3 363 153 3
3 356 220 3
3 182 36 0
3 100 207 3
3 3 254 0
3 40 128 1
3 309 149 1
3 98 182 1
3 100 327 0
3 92 233 0
3 260 255 3
3 182 84 3
3 82 194 1
3 251 87 2
3 111 305 1
3 138 84 1
3 355 64 1
3 337 363 2
3 153 3 3
3 93 57 0
3 318 100 1
3 227 87 2
3 331 153 2
3 138 254 0
3 190 100 2
3 18 17 0
3 260 207 2
3 10 150 2
3 97 149 0
3 100 363 1
3 217 331 2
3 87 92 1
3 1 96 2
3 225 261 3
3 258 220 1
3 40 189 0
3 139 337 1
3 259 36 0
3 218 87 0
3 209 82 1
3 304 18 3
3 129 182 1
3 364 305 1
3 86 363 1
3 62 103 1
3 218 208 2
3 218 216 3
3 93 138 0
3 112 82 3
3 116 129 0
3 251 113 0
3 305 18 1
3 36 219 0
3 112 331 0
3 84 220 2
3 217 304 3
3 149 216 0
3 224 57 1
3 218 113 0
3 98 309 0
3 36 331 3
3 194 337 3
3 318 139 1
3 261 193 1
3 93 17 0
3 260 288 1
3 116 62 2
3 254 333 0
3 219 327 3
3 288 40 1
3 196 98 3
3 138 338 3
3 138 57 2
3 318 226 1
3 224 363 1
3 337 96 2
3 288 229 1
3 138 226 3
3 57 93 2
3 85 189 2
3 259 97 1
3 220 87 0
3 97 229 0
3 98 258 0
3 18 266 3
3 85 229 1
3 196 364 2
3 3 112 2
3 111 40 1
3 189 356 1
3 193 207 2
3 255 355 1
3 103 356 0
3 97 363 3
3 259 255 0
3 83 216 2
3 149 64 3
3 112 139 0
3 219 36 1
3 87 263 0
3 208 337 1
3 251 190 3
3 251 259 0
3 82 288 1
3 338 83 3
3 93 304 1
3 96 10 1
3 285 100 3
3 356 225 3
3 218 149 1
3 149 220 2
3 285 18 2
3 103 62 1
3 259 129 2
3 10 96 1
3 260 254 1
3 309 139 3
3 86 224 3
3 17 111 1
3 40 226 0
3 225 364 1
3 18 182 0
3 196 333 1
3 227 153 3
3 17 138 2
3 40 227 2
3 288 129 1
3 82 356 1
3 17 254 3
3 64 139 2
3 138 229 3
3 92 258 3
3 333 327 1
3 225 97 3
3 216 227 0
3 229 10 1
3 40 258 1
3 194 87 1
3 266 309 2
3 207 338 2
3 62 305 2
3 288 220 3
3 97 364 1
3 149 259 2
3 285 84 0
3 216 305 1
3 149 190 2
3 92 226 3
3 356 284 2
3 1 86 0
3 317 93 1
3 153 284 0
3 226 62 1
3 261 92 0
3 83 113 2
3 1 100 3
3 193 233 1
3 333 263 0
3 40 100 0
3 194 82 1
3 139 228 3
3 338 96 0
3 139 260 2
3 331 227 2
3 129 10 3
3 305 153 2
3 333 128 2
3 150 83 0
3 112 207 1
3 64 57 2
3 190 333 3
3 227 86 1
3 97 111 2
3 264 57 2
3 229 149 1
3 219 327 0
3 57 98 0
3 228 288 2
3 85 258 3
3 219 285 0
3 304 189 1
3 190 17 2
3 219 317 1
3 288 224 3
3 86 10 0
3 182 333 3
3 263 215 3
3 255 363 0
3 227 93 2
3 96 196 1
3 338 228 0
3 182 288 2
3 36 82 0
3 64 103 3
3 209 309 0
3 215 337 0
3 227 337 2
3 189 193 0
3 260 219 0
3 224 207 1
3 97 219 1
3 318 1 3
3 193 93 0
3 193 190 2
3 219 285 0
3 254 190 1
3 220 264 2
3 182 62 3
3 356 225 1
3 225 189 2
3 284 103 2
3 284 227 3
3 219 40 2
3 36 355 2
3 216 215 2
3 266 225 2
3 266 338 3
3 97 209 0
3 304 36 1
3 36 333 1
3 233 217 1
3 208 3 1
3 129 251 0
3 364 111 0
3 218 62 0
3 259 318 3
3 92 318 2
3 113 284 0
3 260 224 2
3 208 263 3
3 215 209 0
3 182 92 0
3 96 304 1
3 92 98 2
3 327 86 1
3 226 255 3
3 18 216 1
3 85 116 3
3 85 36 1
3 64 92 1
3 18 261 3
3 111 216 2
3 93 356 1
3 304 215 1
3 36 254 3
3 116 219 3
3 150 217 0
3 251 305 3
3 263 233 1
3 318 224 2
3 220 227 2
3 83 111 3
3 193 208 3
3 111 153 3
3 285 228 3
3 261 255 0
3 327 259 1
3 149 218 0
3 224 259 2
3 36 218 1
3 215 304 3
3 251 87 0
3 288 138 2
3 1 258 2
3 266 285 3
3 93 64 2
3 305 86 0
3 217 193 3
3 209 100 1
3 216 219 1
3 111 327 3
3 226 355 0
3 153 255 2
3 227 182 0
3 40 83 0
3 103 216 1
3 227 97 3
3 261 263 1
3 96 327 2
3 18 216 2
3 113 264 1
3 93 219 0
3 255 111 0
3 266 97 2
3 364 284 2
3 261 149 2
3 139 111 3
3 317 264 1
3 364 3 3
3 255 100 0
3 228 10 2
3 364 318 2
3 288 10 0
3 218 17 1
3 225 103 3
3 153 337 3
3 64 284 0
3 84 264 3
3 317 111 3
3 96 111 0
3 227 218 3
3 40 18 3
3 227 10 0
3 86 113 3
3 207 86 0
3 225 40 0
3 62 96 0
3 208 153 0
3 128 116 0
3 288 62 1
3 304 225 1
3 113 266 1
3 251 83 0
3 216 190 1
3 40 194 1
3 182 128 1
3 266 233 2
3 209 86 2
3 93 255 1
3 266 356 1
3 40 327 1
3 139 18 3
3 40 259 1
3 150 1 3
3 219 182 1
3 190 327 3
3 356 207 3
3 284 264 2
3 57 196 1
3 226 83 2
3 288 149 3
3 304 288 3
3 96 100 0
3 225 149 1
3 98 149 2
3 229 193 2
3 96 190 3
3 226 116 2
3 1 304 0
3 150 285 1
3 149 182 1
3 128 337 0
3 317 153 2
3 111 150 3
3 331 92 3
3 128 260 3
3 85 285 1
3 87 57 3
3 196 17 1
3 229 112 3
3 266 86 0
3 220 218 2
3 1 254 2
3 98 251 0
3 258 84 3
3 128 228 0
3 255 193 2
3 196 3 2
3 103 254 1
3 225 285 1
3 111 258 1
3 264 259 0
3 87 338 3
3 82 337 2
3 128 284 3
3 1 255 0
3 128 17 2
3 57 318 3
3 17 258 0
3 85 93 1
3 355 255 3
3 255 215 3
3 355 264 2
3 87 129 3
3 258 82 3
3 317 129 1
3 216 82 0
3 304 62 3
3 153 40 2
3 333 194 0
3 82 194 1
3 207 150 0
3 18 333 3
3 57 150 0
3 304 149 2
3 113 92 2
3 190 87 2
3 84 92 0
3 85 251 2
3 224 40 0
3 150 84 3
3 228 219 2
3 226 149 0
3 86 317 1
3 189 233 0
3 113 218 3
3 318 97 1
3 258 218 1
3 317 364 3
3 149 83 1
3 138 98 0
3 10 285 3
3 218 57 3
3 64 103 3
3 129 40 1
3 40 128 1
3 194 129 0
3 150 189 1
3 92 226 3
3 356 254 3
3 97 251 2
3 220 82 0
3 196 331 0
3 251 355 0
3 129 266 3
3 226 97 3
3 84 40 1
3 100 317 3
3 285 304 1
3 18 86 0
3 93 331 2
3 40 116 1
3 285 309 3
3 337 36 3
3 225 98 3
3 288 258 0
3 93 363 1
3 83 304 3
3 331 318 1
3 338 260 3
3 304 3 2
3 96 338 1
3 111 263 1
3 304 228 1
3 338 261 3
3 129 254 3
3 98 220 0
3 327 111 0
3 190 331 1
3 128 116 0
3 100 258 2
3 82 153 2
3 251 266 2
3 224 215 3
3 220 309 2
3 317 62 2
3 227 304 1
3 92 57 2
3 194 228 0
3 116 103 2
3 304 331 0
3 98 194 0
3 97 116 0
3 182 128 1
3 266 251 0
3 1 333 2
3 116 83 2
3 285 153 3
3 284 227 1
3 331 64 0
3 209 327 0
3 305 364 2
3 331 304 2
3 327 36 0
3 116 284 0
3 337 218 0
3 113 216 1
3 327 93 3
3 92 233 2
3 363 305 0
3 189 288 1
3 266 3 0
3 57 194 1
3 189 284 3
3 129 255 0
3 331 363 0
3 259 113 2
3 355 3 2
3 331 255 2
3 309 113 1
3 226 83 2
3 363 264 1
3 128 92 1
3 229 87 0
3 356 333 0
3 218 337 3
3 129 92 2
3 189 10 2
3 216 85 2
3 224 193 0
3 251 318 2
3 182 327 1
3 36 182 1
3 116 103 1
3 255 87 0
3 225 317 2
3 356 284 2
3 355 309 0
3 305 266 2
3 331 64 2
3 233 116 3
3 97 266 3
3 218 83 2
3 363 62 3
3 84 226 3
3 261 264 2
3 3 189 3
3 225 215 3
3 284 264 0
3 355 254 2
3 139 111 1
3 285 139 2
3 220 331 1
3 116 264 1
3 263 83 3
3 64 139 3
3 331 317 3
3 264 153 0
3 96 10 0
3 259 96 1
3 318 288 0
3 103 1 2
3 285 261 2
3 305 84 3
3 111 92 0
3 10 261 1
3 227 225 0
3 258 96 3
3 64 98 1
3 364 355 2
3 258 355 1
3 261 17 3
3 92 196 1
3 103 97 2
3 182 219 0
3 215 10 2
3 3 84 2
3 228 153 2
3 363 220 0
3 196 233 3
3 150 318 0
3 182 215 0
3 100 209 3
3 139 129 3
3 113 87 0
3 40 209 2
3 84 93 0
3 226 333 0
3 251 304 1
3 218 261 1
3 3 36 1
3 93 227 2
3 285 97 1
3 150 116 0
3 153 18 2
3 259 92 3
3 217 10 2
1 65 74 0
1 104 142 0
1 102 156 0
1 34 324 2
1 347 325 2
1 146 36 0
1 323 270 0
1 256 352 3
1 66 353 2
1 104 155 2
1 136 256 1
1 36 104 3
1 154 326 2
1 51 136 1
1 65 239 3
1 34 323 0
1 360 239 2
1 155 197 2
1 291 256 3
1 75 65 0
1 156 0 2
1 102 269 0
1 291 156 1
1 154 325 2
1 256 106 2
1 291 270 1
1 197 145 2
1 34 360 1
1 324 142 3
1 154 326 1
1 51 155 1
1 155 107 3
1 324 0 1
1 75 256 0
1 360 156 0
1 146 154 3
1 156 325 3
1 106 104 0
1 50 0 0
1 146 178 0
1 142 65 1
1 197 289 2
1 102 51 1
1 197 347 0
1 352 156 1
1 36 74 1
1 325 352 3
1 156 326 0
1 155 352 3
1 12 108 1
1 256 143 0
1 136 256 1
1 146 323 2
1 352 256 1
1 107 360 2
1 323 324 2
1 106 324 0
1 50 102 0
1 347 102 0
1 156 323 0
1 352 65 1
1 256 50 2
1 323 137 2
1 2 34 0
1 65 197 3
1 2 326 2
1 51 102 1
1 2 146 3
1 0 256 0
1 156 326 1
1 360 178 1
1 65 104 2
1 290 146 2
1 34 104 2
1 326 325 0
1 34 256 1
1 290 50 3
1 146 360 1
1 269 107 2
1 36 34 1
1 360 11 0
1 136 34 0
1 270 239 2
1 143 51 1
1 36 289 2
1 326 219 0
1 256 360 0
1 154 36 2
1 66 106 1
1 106 178 0
1 143 104 1
1 36 155 3
1 65 197 0
1 155 270 3
1 65 156 2
1 137 66 2
1 352 75 2
1 325 352 0
1 34 289 1
1 154 239 1
1 347 325 2
1 326 239 0
1 137 144 3
1 136 75 2
1 66 136 2
1 269 142 2
1 136 102 1
1 256 156 2
1 154 0 3
1 143 353 3
1 102 347 3
1 197 74 1
1 102 0 0
1 74 75 3
1 239 154 0
1 34 11 1
1 347 34 1
1 270 34 3
1 65 145 2
1 2 256 3
1 326 66 1
1 323 146 2
1 0 106 0
1 12 74 2
1 290 50 2
1 270 360 3
1 270 353 0
1 107 137 1
1 325 239 1
1 11 290 1
1 143 2 1
1 50 0 1
1 50 256 2
1 51 325 2
1 2 136 0
1 142 326 1
1 324 104 1
1 239 34 3
1 136 142 0
1 11 156 3
1 137 145 2
1 360 65 2
1 323 325 1
1 137 34 3
1 75 352 0
1 290 136 2
1 102 34 0
1 323 146 1
1 289 102 1
1 154 50 0
1 256 51 0
1 65 74 3
1 156 142 2
1 269 289 1
1 51 219 2
1 219 144 0
1 142 36 0
1 65 144 2
1 106 136 3
1 65 142 1
1 270 142 0
1 51 325 2
1 107 34 0
1 50 289 2
1 256 106 0
1 137 75 0
1 178 353 1
1 154 107 0
1 12 36 3
1 2 290 0
1 51 146 2
1 289 156 1
1 256 36 3
1 219 326 3
1 270 51 2
1 289 360 0
1 34 269 0
1 325 326 0
1 269 326 3
1 325 154 1
1 143 108 2
1 75 325 0
1 326 50 3
1 154 65 2
1 291 154 3
1 144 290 0
1 74 108 0
1 219 2 0
1 219 239 2
1 155 74 2
1 102 108 2
1 144 323 1
1 270 74 1
1 291 0 0
1 326 2 1
1 144 108 0
1 108 324 3
1 290 74 1
1 12 0 3
1 347 142 2
1 50 324 1
1 137 360 3
1 66 143 3
1 353 197 2
1 360 11 3
1 137 145 2
1 142 146 2
1 2 108 0
1 137 11 2
1 102 145 3
1 219 239 3
1 142 0 3
1 2 36 0
1 107 347 0
1 65 11 0
1 51 65 0
1 324 269 2
1 197 0 2
1 74 136 2
1 11 2 3
1 325 146 1
1 178 352 0
1 0 156 1
1 156 289 1
1 145 143 3
1 66 289 2
1 51 326 3
1 156 144 0
1 156 256 1
1 144 143 3
1 146 352 1
1 34 146 3
1 290 156 1
1 269 353 2
1 0 146 3
1 239 352 0
1 11 75 0
1 50 291 3
1 136 146 1
1 239 144 1
1 143 323 0
1 50 11 3
1 50 154 1
1 289 75 2
1 104 11 1
1 154 65 2
1 65 0 0
1 106 137 1
1 146 108 3
1 104 360 2
1 144 156 2
1 65 291 3
1 239 353 3
1 0 66 3
1 197 34 3
1 239 2 0
1 270 291 0
1 106 155 0
1 51 137 1
1 154 142 3
1 102 178 0
1 51 155 1
1 270 324 3
1 107 2 1
1 352 0 0
1 51 270 2
1 12 143 0
1 108 50 0
1 137 136 0
1 360 137 2
1 326 2 1
1 107 352 1
1 36 2 1
1 270 65 1
1 145 154 3
1 34 0 0
1 136 34 1
1 136 256 2
1 155 137 2
1 74 155 1
1 104 291 1
1 36 102 3
1 270 353 2
1 136 145 2
1 347 108 0
1 104 106 3
1 291 34 1
1 360 50 1
1 12 142 1
1 12 137 2
1 347 34 3
1 353 66 3
1 290 270 1
1 353 108 0
1 2 104 2
1 36 156 2
1 239 51 2
1 156 360 3
1 347 107 3
1 347 290 2
1 323 360 2
1 178 145 1
1 353 178 2
1 239 137 3
1 51 323 0
1 269 51 3
1 352 65 1
1 178 154 1
1 178 360 1
1 290 66 2
1 143 256 3
1 325 178 1
1 156 11 0
1 239 325 1
1 197 360 1
1 326 142 2
1 360 102 1
1 256 51 1
1 269 12 3
1 290 107 2
1 360 197 1
1 290 197 2
1 137 270 3
1 12 270 3
1 75 36 2
1 108 325 3
1 107 156 0
1 75 178 0
1 239 145 1
1 270 36 0
1 352 154 1
1 325 102 0
1 65 107 0
1 75 65 2
1 108 155 1
1 137 146 2
1 290 51 0
1 144 2 2
1 290 137 3
1 360 256 2
1 106 290 0
1 106 136 0
1 12 197 3
1 324 289 2
1 136 155 0
1 197 155 2
1 102 353 3
1 2 36 3
1 144 289 3
1 145 144 1
1 326 270 0
1 289 51 3
1 353 155 3
1 106 137 3
1 197 347 3
1 66 34 2
1 137 34 3
1 34 291 3
1 270 102 0
1 65 106 0
1 36 102 1
1 219 347 3
1 270 352 1
1 291 155 3
1 347 34 3
1 352 291 0
1 269 11 2
1 50 142 1
1 270 347 2
1 269 102 1
1 146 154 1
1 291 270 2
1 353 360 3
1 137 289 0
1 353 269 3
1 102 326 0
1 219 102 3
1 270 352 3
1 178 289 0
1 106 102 2
1 219 269 3
1 323 155 3
1 0 108 0
1 154 145 1
1 219 155 0
1 269 146 1
1 353 239 2
1 66 11 3
1 256 65 1
1 136 51 0
1 106 36 0
1 51 219 3
1 51 353 2
1 0 74 2
1 74 289 0
1 142 106 0
1 36 291 3
1 239 325 1
1 74 353 0
1 178 74 0
1 323 352 2
1 142 325 0
1 137 107 2
1 102 155 0
1 107 136 2
1 239 12 3
1 326 107 3
1 74 353 3
1 352 65 3
1 144 154 1
1 219 154 1
1 136 155 2
1 155 269 1
1 106 270 1
1 197 36 2
1 143 290 0
1 108 154 1
1 219 50 2
1 34 142 0
1 0 65 1
1 145 50 0
1 11 102 0
1 197 269 1
1 106 239 2
1 269 146 0
1 12 291 3
1 107 360 3
1 50 290 0
1 137 270 1
1 0 323 3
1 11 154 2
1 270 137 2
1 102 136 3
1 270 289 1
1 143 0 1
1 239 325 0
1 142 219 3
1 75 156 3
1 137 347 3
1 353 270 3
1 104 136 1
1 50 143 2
1 0 353 0
1 155 66 3
1 239 144 3
1 104 136 2
1 291 353 3
1 75 145 2
1 144 34 2
1 0 323 1
1 323 269 0
1 156 66 2
1 239 197 1
1 323 137 1
1 146 291 1
1 360 74 1
1 347 36 0
1 269 106 1
1 291 324 1
1 145 12 1
1 352 51 0
1 50 352 3
1 66 12 2
1 156 323 1
1 36 137 3
1 325 74 1
1 136 270 2
1 12 178 0
1 256 360 2
1 137 289 3
1 146 155 1
1 290 104 3
1 360 108 0
1 34 256 2
1 323 219 2
1 353 145 0
1 74 146 3
1 136 325 1
1 154 51 1
1 197 34 3
1 108 269 0
1 323 154 2
1 137 270 2
1 137 66 3
1 144 239 3
1 239 142 1
1 12 108 0
1 326 75 2
1 75 324 3
1 142 65 1
1 108 155 0
1 74 291 0
1 142 325 3
1 108 197 0
1 360 270 2
1 66 197 0
1 36 136 3
1 239 353 1
1 154 104 3
1 146 353 3
1 269 219 2
1 360 291 2
1 155 74 2
1 219 143 1
1 154 347 3
1 145 51 3
1 323 269 3
1 146 75 0
1 136 269 0
1 12 178 3
1 347 219 1
1 347 156 3
1 269 142 0
1 290 154 3
1 323 145 1
1 269 146 0
1 347 325 3
1 2 12 0
1 325 219 1
1 347 155 1
1 269 136 3
1 142 156 3
1 12 291 0
1 2 291 1
1 146 323 0
1 326 325 0
1 154 102 3
1 289 75 2
1 154 323 1
1 66 74 0
1 104 270 2
1 137 143 3
1 270 145 3
1 239 108 2
1 137 146 3
1 325 219 3
1 107 2 3
1 156 352 3
1 219 104 2
1 2 156 3
1 104 143 1
1 12 326 2
1 270 269 1
1 360 11 3
1 106 156 2
1 326 108 1
1 289 0 1
1 11 290 3
1 290 145 3
1 360 290 2
1 290 74 2
1 102 197 3
1 106 269 1
1 65 104 1
1 0 156 1
1 353 146 1
1 106 269 2
1 291 108 3
1 66 50 3
1 104 324 0
1 143 352 0
1 154 324 1
1 324 36 3
1 290 155 0
1 51 269 1
1 360 137 2
1 270 239 1
1 156 107 1
1 144 239 0
1 107 360 3
1 352 2 1
1 239 146 0
1 289 65 0
1 144 0 3
1 137 51 0
1 102 51 2
1 145 107 0
1 107 197 3
1 66 144 1
1 75 347 0
1 36 324 2
1 326 239 0
1 104 51 2
1 108 155 2
1 178 352 2
1 0 51 1
1 323 270 1
1 290 2 1
1 136 144 1
1 75 102 0
1 75 347 2
1 74 142 0
1 323 75 1
1 12 144 1
1 36 291 0
1 34 239 1
1 352 269 0
1 66 219 0
1 352 137 2
1 353 50 0
1 0 323 1
1 289 12 0
1 12 353 1
1 74 352 0
1 34 145 0
1 178 156 2
1 65 219 1
1 51 144 2
1 323 75 0
1 50 289 1
1 360 107 1
1 143 289 3
1 108 360 3
1 145 155 3
1 326 107 0
1 142 154 1
1 107 137 3
1 136 323 0
1 107 2 3
1 108 156 0
1 290 324 3
1 325 75 3
1 0 290 1
1 107 144 2
1 269 239 0
1 34 75 1
1 11 106 3
1 325 12 3
1 50 352 3
1 256 137 2
1 137 0 2
1 219 269 3
1 2 156 3
1 146 65 1
1 289 347 3
1 291 155 1
1 65 290 2
1 36 74 0
1 324 270 2
1 270 289 0
1 104 36 1
1 256 34 1
1 156 65 2
1 104 269 0
1 146 34 3
1 36 107 3
1 102 353 3
1 36 2 0
1 239 143 1
1 0 290 2
1 108 323 3
1 0 324 0
1 291 156 1
1 239 144 2
1 50 75 0
1 324 291 0
1 256 50 0
1 66 325 3
1 143 107 1
1 347 107 3
1 36 75 0
1 256 178 0
1 291 197 0
1 256 353 3
1 146 360 2
1 75 353 1
1 144 50 2
1 270 178 3
1 269 156 0
1 36 12 0
1 51 50 0
1 291 2 1
1 50 143 2
1 219 11 2
1 360 0 0
1 143 324 0
1 269 326 1
1 0 36 0
1 324 239 2
1 75 256 3
1 11 360 3
1 143 291 2
1 269 65 1
1 144 154 1
1 154 219 3
1 11 154 2
1 269 353 3
1 102 11 3
1 347 155 0
1 108 146 1
1 11 144 3
1 324 290 0
1 142 156 2
1 143 156 2
1 353 65 2
1 106 142 0
1 291 51 3
1 290 104 2
1 51 104 2
1 107 291 0
1 50 156 1
1 106 74 2
1 66 270 1
1 34 144 2
1 325 142 2
1 136 360 0
1 219 270 2
1 326 178 1
1 108 50 2
1 270 154 1
1 154 66 1
1 107 269 2
1 269 107 0
1 75 144 2
1 2 104 2
1 12 142 0
1 154 270 1
1 74 144 0
1 290 353 2
1 291 51 3
1 239 146 2
1 352 34 2
1 352 326 0
1 36 0 3
1 145 146 0
1 353 2 0
1 66 290 0
1 269 34 1
1 323 347 1
1 11 325 2
1 239 352 0
1 50 136 3
1 137 75 2
1 75 66 1
1 11 347 2
1 75 102 1
1 50 51 1
1 50 66 3
1 270 65 0
1 66 74 1
1 11 136 1
1 143 145 1
1 136 51 3
1 291 65 0
1 65 144 3
1 11 12 3
1 12 360 0
1 353 74 3
1 66 144 0
1 142 36 2
1 50 353 0
1 289 290 2
1 347 107 1
1 104 290 2
1 75 102 3
1 323 34 1
1 36 104 2
1 219 11 0
1 146 360 0
1 219 0 0
1 347 142 0
1 2 347 3
1 324 0 2
1 107 155 0
1 239 12 2
1 137 36 2
1 269 178 0
1 102 155 1
1 178 291 0
1 360 290 0
1 269 74 2
1 11 66 2
1 65 11 3
1 11 74 0
1 107 137 2
1 136 145 3
1 154 323 1
1 74 36 0
1 106 326 2
1 324 74 1
1 65 50 2
1 270 0 3
1 108 12 1
1 270 290 1
1 144 51 2
1 102 156 0
1 74 270 0
1 270 155 3
1 156 11 2
1 256 290 0
1 0 197 3
1 156 290 3
1 75 353 2
1 360 102 3
1 256 144 0
1 323 107 0
1 50 74 3
1 104 142 2
1 144 289 2
1 353 74 3
1 75 256 0
1 145 2 0
1 352 65 2
1 136 11 1
1 12 34 3
1 360 12 1
1 2 137 0
1 155 219 0
1 353 156 2
1 66 269 0
1 74 36 2
1 34 155 3
1 146 143 1
1 66 291 0
1 108 347 1
1 11 107 0
1 108 107 3
1 347 12 3
1 66 353 3
1 353 106 1
1 102 0 2
1 36 0 3
1 156 50 1
1 256 36 1
1 137 352 3
1 106 34 3
1 256 270 3
1 326 155 2
1 51 143 1
1 326 144 3
1 36 197 0
1 256 11 3
1 108 291 3
1 102 239 1
1 347 65 1
1 178 256 3
1 36 291 1
1 326 324 2
1 290 256 1
1 36 74 0
1 269 219 3
1 360 107 2
1 11 144 1
1 291 289 0
1 12 0 3
1 289 156 2
1 74 146 1
1 108 291 2
1 2 323 3
1 0 144 2
1 51 146 0
1 137 107 1
1 51 219 2
1 146 239 1
1 50 256 1
1 146 102 1
1 51 291 0
1 270 291 0
1 219 142 0
1 326 155 3
1 219 326 3
1 145 155 1
1 50 290 3
1 325 36 1
1 145 65 3
1 142 269 2
1 75 291 1
1 142 145 3
1 74 325 0
1 323 325 1
1 11 12 1
1 50 256 0
1 136 12 2
1 290 104 0
1 136 65 2
1 142 107 2
1 219 106 3
1 75 74 3
1 289 347 1
1 74 106 0
1 289 50 1
1 142 144 0
1 146 137 2
1 143 102 1
1 155 106 0
1 12 325 0
1 145 291 2
1 156 36 2
1 289 326 1
1 290 155 3
1 347 0 1
1 104 34 3
1 154 136 0
1 197 291 3
1 291 352 0
1 51 155 0
1 156 360 2
1 360 143 2
1 360 197 2
1 51 269 2
1 178 197 1
1 145 347 3
1 323 154 0
1 104 291 2
1 326 325 0
1 197 289 2
1 154 142 2
1 142 50 3
1 197 143 0
1 2 326 3
1 74 197 1
1 290 156 1
1 352 136 1
1 50 256 2
1 256 65 0
1 290 104 2
1 51 2 2
1 155 65 3
1 106 74 3
1 197 106 2
1 347 143 1
1 65 270 0
1 325 323 1
1 108 0 0
1 144 12 0
1 323 11 0
1 269 270 2
1 143 144 3
1 325 75 1
1 106 65 3
1 144 142 2
1 178 291 2
1 102 74 2
1 219 144 0
1 291 269 0
1 178 107 0
1 360 145 3
1 0 178 0
1 137 360 0
1 145 51 2
1 352 156 0
1 269 326 2
1 352 34 0
1 106 291 2
1 347 326 2
1 178 323 2
1 36 326 0
1 107 154 0
1 36 270 2
1 155 108 2
1 143 136 3
1 12 107 2
1 36 107 3
1 143 108 1
1 107 0 0
1 156 106 2
1 74 178 2
1 0 50 1
1 178 239 2
1 156 137 1
1 156 324 0
1 291 106 1
1 107 142 1
1 178 75 2
1 156 144 2
1 136 36 2
1 325 290 3
1 11 239 3
1 74 66 0
1 0 146 1
1 65 75 1
1 75 289 2
1 11 270 0
1 155 146 1
1 36 74 3
1 353 51 2
1 75 154 2
1 104 178 2
1 155 347 2
1 289 2 1
1 66 104 3
1 154 51 1
1 360 239 3
1 36 102 1
1 0 323 2
1 142 353 2
1 108 325 0
1 34 2 2
1 142 256 3
1 326 352 3
1 270 2 2
1 102 107 3
1 34 12 1
1 104 137 1
1 360 136 2
1 137 146 2
1 51 12 1
1 145 0 1
1 178 34 0
1 36 353 3
1 156 353 1
